1.000000000000 0.000000000000 0.000000000000 0.000000000000 0.000000000000 1.000000000000 0.000000000000 0.000000000000 0.000000000000 0.000000000000 1.000000000000 0.000000000000
0.999987686920 -0.004339800753 -0.002406686012 0.682612437553 0.004334307542 0.999988000733 -0.002283017136 0.019723810732 0.002416564973 0.002272557707 0.999994497832 0.018213811576
0.999957700315 -0.008348991896 -0.003859004304 1.383242033690 0.008343788280 0.999964261657 -0.001362573470 0.026906663933 0.003870242505 0.001330317119 0.999991625705 0.021510429981
0.999907060238 -0.012567552823 -0.005284647855 2.102055958409 0.012563228980 0.999920717742 -0.000850592689 0.040327430329 0.005294918745 0.000784121394 0.999985674392 0.023649409623
0.999826088670 -0.017590697867 -0.006193525971 2.837504285538 0.017594297991 0.999845069334 0.000527262513 0.058376171418 0.006183291488 -0.000636141557 0.999980680929 0.026977781570
0.999734180488 -0.022170800935 -0.006326448423 3.582430345021 0.022169138381 0.999754179057 -0.000332808644 0.074179603879 0.006332271884 0.000192468266 0.999979932443 0.036817677597
0.999615683416 -0.026749727728 -0.007275818530 4.346514132948 0.026756770781 0.999641592858 0.000872379519 0.101602601176 0.007249874910 -0.001066721658 0.999973150349 0.046268619109
0.999465960263 -0.031699003082 -0.007935205072 5.122562949603 0.031732421788 0.999487902003 0.004121547874 0.133076845279 0.007800492511 -0.004371150078 0.999960021883 0.056647828844
0.999321066288 -0.036141702475 -0.007154286453 5.912066701320 0.036184662680 0.999327292617 0.005969289542 0.166793891846 0.006933733425 -0.006224112232 0.999956590942 0.062395276178
0.999163512490 -0.040646035920 -0.004491666961 6.712814500466 0.040672886379 0.999154153603 0.006057528525 0.203783188146 0.004241653179 -0.006235150538 0.999971565234 0.071825513473
0.999020780290 -0.044200481358 -0.001948844891 7.524052709857 0.044208773164 0.999012449996 0.004439496502 0.238646382288 0.001750692427 -0.004521305301 0.999988246368 0.080099195974
0.998906654359 -0.046703530092 -0.002067886659 8.341689937136 0.046713419812 0.998895693958 0.005024838519 0.288269571904 0.001830925383 -0.005115942692 0.999985237312 0.087553683577
0.998804399925 -0.048802238128 -0.002848200222 9.164815822035 0.048814637590 0.998797898935 0.004459623373 0.334654504784 0.002627136796 -0.004593325309 0.999985999659 0.088707900138
0.998708810857 -0.050715777409 -0.002936160324 10.000652758987 0.050723204197 0.998709588822 0.002512718010 0.373420446880 0.002804937022 -0.002658405075 0.999992532577 0.101134309249
0.998607223855 -0.052710664549 -0.002279979691 10.844425319860 0.052716125485 0.998606641615 0.002405293250 0.420803706825 0.002150018257 -0.002522134910 0.999994508113 0.105829009160
0.998539554244 -0.053979808146 -0.002222368605 11.703055872164 0.053977548105 0.998541581849 -0.001064715185 0.472545215135 0.002276600584 0.000943202218 0.999996963725 0.112321452776
0.998429464800 -0.055833262066 -0.004609844539 12.567066492375 0.055840766985 0.998438536788 0.001515585558 0.525373233756 0.004518026351 -0.001770622532 0.999988226098 0.120983268571
0.998329202137 -0.057314591813 -0.007337692151 13.437224375490 0.057338276351 0.998350121244 0.003058999342 0.579230443984 0.007150260550 -0.003474618993 0.999968399899 0.132469906827
0.998230205272 -0.058750215914 -0.009212459621 14.314983614614 0.058815724810 0.998244252768 0.007008732497 0.641297776628 0.008784520323 -0.007538165969 0.999933001884 0.141638984772
0.998154234596 -0.060026238675 -0.009218168410 15.204238372203 0.060099933932 0.998160809719 0.007936994566 0.702785788558 0.008724786514 -0.008476356049 0.999926012007 0.152500508979
0.998087163150 -0.061346326238 -0.007657872590 16.100179968869 0.061399648947 0.998089178099 0.006933662104 0.759016911898 0.007217885062 -0.007390589828 0.999946639235 0.166428585118
0.998034751708 -0.062350476742 -0.006249194546 17.000174416000 0.062391463951 0.998029974512 0.006593572728 0.820960043422 0.005825771070 -0.006970511117 0.999958735332 0.177687762902
0.997953109254 -0.063685437201 -0.005810061772 17.909208768732 0.063723762245 0.997945295950 0.006668464399 0.881397745564 0.005373439743 -0.007025053776 0.999960886617 0.194671173150
0.997880393203 -0.064705937115 -0.006918277412 18.809351972570 0.064750673489 0.997880624575 0.006450533388 0.948081307454 0.006486227177 -0.006884823915 0.999955263028 0.201814529686
0.997775926945 -0.066248353898 -0.007372598883 19.731683525704 0.066290863227 0.997784181069 0.005678860879 1.009837892348 0.006980047354 -0.006154966621 0.999956696725 0.218063705773
0.997748417950 -0.066819473672 -0.005766490848 20.652899874262 0.066851368821 0.997747632564 0.005527766314 1.072339274664 0.005384140156 -0.005900817901 0.999968095182 0.230767156833
0.997812325641 -0.066063310301 -0.002490347645 21.574047422140 0.066077448890 0.997795836901 0.006102344807 1.142735935182 0.002081717414 -0.006253550683 0.999978279542 0.237943674348
0.997832972650 -0.065787900446 0.001144922164 22.520225374424 0.065778856775 0.997811918935 0.006672063636 1.209647258999 -0.001581358040 -0.006582293420 0.999977086098 0.249164451190
0.997925130658 -0.064253861757 0.004107901103 23.462214395223 0.064228746439 0.997917293222 0.005978630175 1.267527076072 -0.004483495627 -0.005702379960 0.999973690219 0.255266559698
0.998060097412 -0.062055088940 0.005020745983 24.398054942255 0.062029618003 0.998061384944 0.005079210029 1.334416119716 -0.005326203519 -0.004757921901 0.999974496542 0.259313995479
0.998109679750 -0.061416429835 0.002255955518 25.359981983325 0.061403007833 0.998097332882 0.005602206895 1.397029983037 -0.002595730732 -0.005453094475 0.999981762805 0.263952014821
0.998199620861 -0.059922453917 -0.002610829379 26.301904527758 0.059940757177 0.998172922652 0.007610657896 1.461344623521 0.002150009895 -0.007753450916 0.999967630204 0.269206587679
0.998239107060 -0.059043684534 -0.005703372050 27.272542825702 0.059084464972 0.998226529585 0.007267849224 1.521843950159 0.005264136691 -0.007592032006 0.999957324047 0.276716399137
0.998285901737 -0.058341996732 -0.004633552671 28.245734749273 0.058365157619 0.998282622843 0.005031233088 1.579511545082 0.004332062929 -0.005293047092 0.999976608168 0.288241317106
0.998304216600 -0.058210903119 0.000426469557 29.216358540671 0.058210112035 0.998302943511 0.001678044637 1.638840688416 -0.000523426308 -0.001650374197 0.999998501144 0.296197621374
0.998241384925 -0.059113033278 0.004448226629 30.202616242184 0.059126493094 0.998246116925 -0.002957677978 1.696023820263 -0.004265587643 0.003215484602 0.999985732609 0.302675429891
0.998181479371 -0.060117303056 0.004432168064 31.188554558068 0.060163440306 0.998126399782 -0.011137796430 1.746218973155 -0.003754289669 0.011384196596 0.999928150107 0.313815710802
0.998105976543 -0.061514675842 0.000635802516 32.187662361336 0.061517921928 0.998040300749 -0.011450037625 1.806009459305 0.000069788819 0.011467464234 0.999934244035 0.320136269228
0.997998902669 -0.063135102885 -0.003485549439 33.166732394315 0.063092892101 0.997945683761 -0.011122015499 1.870052819664 0.004180578611 0.010879845869 0.999932073551 0.328500809756
0.997873400081 -0.065030367824 -0.004441696854 34.162963734495 0.064979732516 0.997828948326 -0.010724935671 1.942102176235 0.005129500212 0.010413507750 0.999932621272 0.332594117144
0.997827328946 -0.065835592400 -0.002509259297 35.175204895822 0.065798039995 0.997749640305 -0.012894696772 2.011002172884 0.003352542562 0.012701576494 0.999913711484 0.348942471791
0.997749635303 -0.067049713254 -0.000034704592 36.174261514566 0.067045470323 0.997692059022 -0.010745244207 2.087247558331 0.000755090039 0.010718736703 0.999942267595 0.353255867358
0.997669272957 -0.068224688868 0.001188960396 37.193216090272 0.068232613896 0.997629403683 -0.008937746209 2.161736890689 -0.000576366896 0.008998040638 0.999959350707 0.367244220232
0.997592556205 -0.069250158167 0.003675241347 38.198951648612 0.069280232440 0.997558356638 -0.008807638399 2.237051684593 -0.003056337366 0.009041056079 0.999954458016 0.371851374701
0.997574244408 -0.069261574868 0.006961403599 39.219334259393 0.069319308527 0.997558942673 -0.008425518333 2.312658149925 -0.006360845745 0.008887639768 0.999940272967 0.386677203452
0.997524617248 -0.069772255509 0.008744732433 40.240961921934 0.069803329985 0.997555315043 -0.003299780809 2.397462712008 -0.008493121168 0.003902024033 0.999956319597 0.382727020808
0.997518859011 -0.069904257372 0.008337908483 41.231581524842 0.069925316334 0.997549666638 -0.002261133945 2.473525375815 -0.008159414938 0.002838554641 0.999962682581 0.389858548681
0.997535423710 -0.069834208919 0.006801596012 42.225926974495 0.069856731294 0.997552118509 -0.003131764740 2.546656866815 -0.006566242198 0.003599183532 0.999971964778 0.394037863882
0.997552157293 -0.069805246962 0.004113511373 43.241364609750 0.069805649047 0.997560609313 0.000045920550 2.626278777770 -0.004106682407 0.000241338187 0.999991538422 0.398563293600
0.997484573162 -0.070756495693 0.004247896082 44.224150187631 0.070758550659 0.997493416077 -0.000335249140 2.698689286513 -0.004213527320 0.000634980815 0.999990921452 0.404775140033
0.997397518392 -0.071872063699 0.005709357658 45.223711768849 0.071889756850 0.997408202537 -0.002956411965 2.772011944390 -0.005482076730 0.003359162291 0.999979331218 0.411670375812
0.997337780907 -0.072615085982 0.006663337191 46.246070740870 0.072634713750 0.997354813429 -0.002752179019 2.849425212089 -0.006445861705 0.003228841705 0.999974012386 0.415169878014
0.997340978233 -0.072778683828 0.003773104425 47.221366234440 0.072782060247 0.997347575383 -0.000765234457 2.928319175936 -0.003707403794 0.001037813995 0.999992589022 0.431676008896
0.997288073170 -0.073585814098 -0.001275568822 48.212675566288 0.073587297425 0.997288107464 0.001157743129 3.008608813623 0.001186916146 -0.001248469077 0.999998516276 0.432525741835
0.997253338839 -0.074029162780 -0.002336928059 49.183240996125 0.074033075787 0.997254446640 0.001634731451 3.089746256725 0.002209494097 -0.001803251370 0.999995933202 0.446192031324
0.997226412463 -0.074422690072 0.000863417096 50.167398627829 0.074421938936 0.997226461269 0.000871750753 3.162506806136 -0.000925900411 -0.000805075701 0.999999247280 0.453472653095
0.997220357252 -0.074357951564 0.004738577903 51.156316107457 0.074370130421 0.997227703343 -0.002447730999 3.238462558909 -0.004543432897 0.002793335838 0.999985777145 0.470174173624
0.997189548389 -0.074737139326 0.005231117440 52.114383156401 0.074754923595 0.997196506416 -0.003290743079 3.312768957403 -0.004970511312 0.003672546390 0.999980903028 0.473944775782
0.997186864862 -0.074820355311 0.004502330301 53.083377425856 0.074849685497 0.997172032187 -0.006742611153 3.384964781615 -0.003985113294 0.007060641283 0.999967132568 0.483724336464
0.997170128920 -0.075094056474 0.003551995558 54.056534059091 0.075125878683 0.997125044469 -0.009886761055 3.456411345777 -0.002799346736 0.010125629583 0.999944816119 0.495724538025
0.997076316639 -0.076274549494 0.004583873606 55.021992105180 0.076319035524 0.997028444335 -0.010473108573 3.532208469808 -0.003771420732 0.010792325332 0.999934648914 0.500820952549
0.996995478326 -0.076952025919 0.008854484996 55.976207725973 0.077066807395 0.996935237145 -0.013447681450 3.600621417238 -0.007792521767 0.014089664489 0.999870370578 0.505620149866
0.996875525370 -0.077668393194 0.014380807265 56.938294560714 0.077899703528 0.996828096515 -0.016290555199 3.675317760310 -0.013069931486 0.017359916395 0.999763877220 0.514346622141
0.996800823976 -0.078240518408 0.016326009912 57.888594968677 0.078475075185 0.996814119949 -0.014257378606 3.755251707148 -0.015158492510 0.015492951597 0.999765066681 0.508595350993
0.996772057813 -0.079266856308 0.012736964119 58.826891011639 0.079428500383 0.996759285968 -0.012729460464 3.835300800429 -0.011686662947 0.013700048461 0.999837852145 0.512942053027
0.996707427532 -0.080936855315 0.004850706589 59.755603741798 0.080983624914 0.996661401269 -0.010378040093 3.914581662456 -0.003994546097 0.010736697447 0.999934381312 0.514647546777
0.996651270788 -0.081769277928 -0.000172116238 60.677901764445 0.081764311866 0.996609943305 -0.009122401617 3.997679618409 0.000917464948 0.009077780198 0.999958375216 0.524307778668
0.996595548961 -0.082445683224 -0.000145290822 61.582680941721 0.082444688399 0.996589625926 -0.003462781021 4.085168762305 0.000430286673 0.003439013696 0.999993994001 0.526709297867
0.996510949512 -0.083432682138 0.002216992088 62.483393049631 0.083435928470 0.996512140100 -0.001414380959 4.167877482699 -0.002091253934 0.001594422905 0.999996542230 0.540908901913
0.996404503004 -0.084636127374 0.003846080744 63.365408340271 0.084635962174 0.996411918575 0.000205984196 4.249526482173 -0.003849714398 0.000120273164 0.999992582589 0.553790244983
0.996326051635 -0.085572451628 0.003428462674 64.235772659098 0.085566621705 0.996330802053 0.001812768495 4.328895407830 -0.003571006010 -0.001512746508 0.999992479729 0.562968003574
0.996184130436 -0.087179481905 0.004112931114 65.086697228256 0.087166363904 0.996188408593 0.003267964086 4.408963455743 -0.004382153717 -0.002896984711 0.999986202009 0.571085664984
0.996062291980 -0.088528227502 0.004760612543 65.932892981436 0.088508674855 0.996066667381 0.004172362451 4.490384472204 -0.005111259322 -0.003734577398 0.999979963779 0.581454521607
0.995919109376 -0.090095335040 0.005287549809 66.756808018855 0.090074366478 0.995926690662 0.004078643292 4.569762514348 -0.005633478717 -0.003585726096 0.999977702994 0.591619700738
0.995790837903 -0.091439988959 0.006271807307 67.571365671648 0.091412360400 0.995802687330 0.004559415788 4.647271554513 -0.006662395500 -0.003966903758 0.999969937629 0.598963926741
0.995663568880 -0.092622955303 0.008662895335 68.377418601501 0.092565133622 0.995683041998 0.006853897820 4.730560146956 -0.009260326251 -0.006022294300 0.999938987303 0.603890816583
0.995506190633 -0.093856898595 0.012582010859 69.161637186106 0.093762016029 0.995563045681 0.007931357017 4.812437472595 -0.013270597623 -0.006716000307 0.999889387172 0.605215314971
0.995323196894 -0.095516630544 0.014432844963 69.936121409371 0.095381425730 0.995392713884 0.009784108135 4.894911034105 -0.015300893759 -0.008361724458 0.999847970551 0.607670844302
0.995244100007 -0.096830510937 0.010631723912 70.688156615311 0.096686798269 0.995226132367 0.013289412880 4.978345296490 -0.011867790109 -0.012198262417 0.999855168488 0.616024049889
0.995184832911 -0.097977303712 0.002756138781 71.408017171928 0.097926563114 0.995084343939 0.014749124891 5.055637662587 -0.004187670040 -0.014408206191 0.999887427171 0.618084611526
0.995071445356 -0.099110783350 -0.003141856143 72.124822197879 0.099146244637 0.994966711486 0.014534965029 5.128996972066 0.001685470504 -0.014774831898 0.999889425652 0.627098527447
0.995020650910 -0.099560167169 -0.004655896957 72.812109374247 0.099623843637 0.994889957300 0.016403129035 5.203373504192 0.002999006856 -0.016785290480 0.999854619423 0.628766592507
0.994956291233 -0.100303199868 -0.001116526398 73.491869073051 0.100307265126 0.994800483802 0.017619591090 5.280580317350 -0.000656580366 -0.017642718714 0.999844139543 0.638547706200
0.994837459235 -0.101468552632 0.001600790087 74.147822174411 0.101430982358 0.994717738357 0.015759975091 5.352013809840 -0.003191476157 -0.015516243866 0.999874522456 0.650648083640
0.994733553927 -0.102484332403 -0.001455439240 74.775020619875 0.102494665664 0.994635217258 0.013986711580 5.413803610087 0.000014212326 -0.014062226076 0.999901121909 0.662887342903
0.994733754672 -0.102334088254 -0.005700148889 75.390372912045 0.102373410715 0.994720730516 0.007095989101 5.470434244756 0.004943894692 -0.007642163565 0.999958576763 0.676123387972
0.994801544091 -0.101315820454 -0.010246579952 75.988723331981 0.101357123873 0.994843614095 0.003594013613 5.526563953804 0.009829614194 -0.004613894165 0.999941043595 0.688735805823
0.995109547604 -0.098175839507 -0.010885440006 76.566977590386 0.098241810168 0.995146250114 0.005699791176 5.589446496978 0.010273023019 -0.006741321949 0.999924506939 0.698829553117
0.995533242543 -0.094054632212 -0.008202996529 77.131441664735 0.094134501893 0.995509625993 0.009963940410 5.655504687181 0.007229007256 -0.010691618897 0.999916711901 0.699886774775
0.995994335725 -0.089287251363 -0.004803118594 77.692998784926 0.089328770955 0.995959104505 0.009264601091 5.705203853490 0.003956498927 -0.009656546890 0.999945547127 0.717284359369
0.996478521799 -0.083848405805 -0.000020900258 78.225965026090 0.083847276374 0.996463742155 0.005444705185 5.743121441528 -0.000435703501 -0.005427284204 0.999985177264 0.729496247601
0.997132826572 -0.075558194422 0.004133452378 78.757969489522 0.075556589184 0.997141367404 0.000543363099 5.776685472287 -0.004162691891 -0.000229495620 0.999991309626 0.742735822530
0.997879985231 -0.064960820925 0.003953077190 79.261433596928 0.064944258848 0.997880125563 0.004183090733 5.812183483035 -0.004216434171 -0.003917492851 0.999983437329 0.751779531847
0.998743905946 -0.049992410419 0.003371829949 79.762500887973 0.049957106496 0.998702812502 0.009847832834 5.846148526585 -0.003859772954 -0.009667016162 0.999945824008 0.755682557379
0.999489104095 -0.031706179328 0.004031003297 80.259826995945 0.031642221587 0.999385986245 0.015047269175 5.866479806830 -0.004505619621 -0.014912031687 0.999878657989 0.755716344674
0.999937058716 -0.010004574643 0.005078099290 80.728068497722 0.009933385118 0.999854662916 0.013855717434 5.866145329309 -0.005215981813 -0.013804402621 0.999891110072 0.760498886836
0.999843866374 0.016378966273 0.006631164111 81.203844616544 -0.016448126078 0.999809450998 0.010512889438 5.843414066541 -0.006457710288 -0.010620318246 0.999922750425 0.768546122061
0.998925681905 0.045519930409 0.008684351797 81.649355221761 -0.045599950937 0.998916952725 0.009250190991 5.812370247063 -0.008253878183 -0.009636259360 0.999919504761 0.772524578101
0.996851165075 0.078561275714 0.010764787332 82.097625145408 -0.078657637187 0.996862486791 0.008840731877 5.766880756960 -0.010036473495 -0.009659626608 0.999902975700 0.775452115000
0.993160100252 0.116163170605 0.011795467908 82.553863976797 -0.116267826500 0.993180576083 0.008610215597 5.704617517223 -0.010714839668 -0.009922756001 0.999893359876 0.779895426104
0.987409620207 0.157655586574 0.012921220707 82.967142994515 -0.157776448884 0.987434449745 0.008933064052 5.622167316950 -0.011350511006 -0.010859257701 0.999876613599 0.780535927523
0.979130350846 0.202791001464 0.013400215609 83.388409956215 -0.202916481086 0.979156787856 0.008768494653 5.520992931445 -0.011342740260 -0.011304623843 0.999871765640 0.782083885992
0.967757172860 0.251561013210 0.012771492128 83.817056672853 -0.251698818601 0.967747121892 0.010640149664 5.395594381119 -0.009682927919 -0.013511650638 0.999861828556 0.785147326064
0.952457552905 0.304440677469 0.011852586875 84.184753049017 -0.304572253892 0.952419057074 0.011562088135 5.257437516947 -0.007768659671 -0.014622367271 0.999862907754 0.788828765054
0.933022895413 0.359656202988 0.010756034930 84.586643905402 -0.359770672884 0.932965542556 0.011847334536 5.079999585504 -0.005774042610 -0.014923540296 0.999871965992 0.791644104497
0.908974713195 0.416729684894 0.010066801887 84.919286642330 -0.416831900150 0.908900147404 0.012316211555 4.902444004053 -0.004017186759 -0.015391289025 0.999873477212 0.793103421630
0.880272673598 0.474383173821 0.008979115384 85.253190797233 -0.474464181396 0.880185026421 0.012572185080 4.696501611563 -0.001939249852 -0.015327219604 0.999880650702 0.786915545209
0.847516177679 0.530714078831 0.007674314505 85.603707714064 -0.530769060707 0.847446665338 0.010879044284 4.443608732651 -0.000729910270 -0.013293454730 0.999911371719 0.797116554268
0.810961572137 0.585056248390 0.007107372013 85.867948487171 -0.585099384850 0.810897626570 0.010185728818 4.210489192572 0.000195873193 -0.012418753648 0.999922865121 0.799483818686
0.771455405677 0.636227981918 0.008397146865 86.174733785765 -0.636282402302 0.771410316682 0.008415927625 3.926725584715 -0.001123197073 -0.011835469640 0.999929327546 0.809342324842
0.728798013872 0.684640192386 0.011011900171 86.407430667284 -0.684723055868 0.728763266845 0.007644452895 3.670132745150 -0.002791368642 -0.013111364023 0.999910146160 0.808629944144
0.683872895808 0.729509995828 0.011533792358 86.651261876612 -0.729593697029 0.683851971701 0.006286338871 3.374347964065 -0.003301459602 -0.012714038975 0.999913723067 0.809430671431
0.637431628248 0.770452057018 0.009194952168 86.892555999259 -0.770503275116 0.637419944055 0.004529675114 3.044391688591 -0.002371148388 -0.009972098943 0.999947466069 0.813536941008
0.590821571371 0.806778294925 0.006217205247 87.059052140435 -0.806798408386 0.590824996350 0.001466940065 2.743374827027 -0.002489784863 -0.005882731132 0.999979597015 0.824713953475
0.543898015056 0.839123792937 0.006797745594 87.259872796365 -0.839150396885 0.543891625871 0.002917313005 2.405264144400 -0.001249250150 -0.007291051665 0.999972639596 0.827205211863
0.496885823519 0.867765257821 0.009377403916 87.412410693765 -0.867815906991 0.496854648312 0.005568664529 2.091269592063 0.000173086886 -0.010904850745 0.999940525367 0.826414165026
0.451311600096 0.892309873157 0.010046386645 87.566165284593 -0.892364311189 0.451257413841 0.007258275893 1.752078564211 0.001943124785 -0.012240781006 0.999923190823 0.832838722557
0.408731759641 0.912646984780 0.003718848412 87.700855387972 -0.912650142983 0.408713708071 0.004777169441 1.386757695416 0.002839924962 -0.005346588407 0.999981674241 0.830023538451
0.369253770896 0.929305964639 -0.006486660537 87.782896764812 -0.929328298031 0.369238998269 -0.003387718363 1.038422906081 -0.000753098843 0.007279164977 0.999973222941 0.844533578818
0.333631982794 0.942641041364 -0.010842840685 87.883299929533 -0.942697213535 0.333566055551 -0.007459904637 0.679774295655 -0.003415208677 0.012710378476 0.999913387563 0.843083278953
0.300064298883 0.953883080344 -0.008275600809 87.989414360965 -0.953917864606 0.300039402149 -0.004130949489 0.305273511912 -0.001457436504 0.009133793914 0.999957223929 0.849328887804
0.269034804764 0.963130453343 -0.000060566425 88.096555828173 -0.963124038348 0.269033241328 0.003633430460 -0.048342917034 0.003515761907 -0.000919186274 0.999993397236 0.847569701896
0.240648249448 0.970602862811 0.004301481256 88.190035009329 -0.970588378425 0.240608756608 0.008100981988 -0.431474930332 0.006827862252 -0.006124454851 0.999957934790 0.857015264701
0.214536551969 0.976710893425 0.003146193460 88.263425631802 -0.976677271209 0.214498269981 0.009591667146 -0.827900098775 0.008693432733 -0.005130578840 0.999949049396 0.868977336792
0.191148201550 0.981551181909 -0.004431967632 88.318483377658 -0.981494987170 0.191185800888 0.010750799888 -1.222015768964 0.011399789618 0.002294957950 0.999932386697 0.873237762123
0.170146700055 0.985358501230 -0.010896077952 88.366978101731 -0.985256247481 0.170309039960 0.016277521519 -1.622329660807 0.017894894783 0.007965862303 0.999808140484 0.876155900942
0.149965573032 0.988619682232 -0.011893309420 88.422299933343 -0.988384577575 0.150207791003 0.023098621902 -2.051568210938 0.024622219980 0.008291165537 0.999662444457 0.870176081860
0.132322260914 0.991161689942 -0.009451119401 88.481975302280 -0.990890053929 0.132514981598 0.024014176578 -2.484742280093 0.025054346753 0.006187410075 0.999666942369 0.877168900596
0.116875591916 0.993108266013 -0.008721696574 88.537735483184 -0.992930623341 0.117028794997 0.019825195409 -2.937641145420 0.020709255076 0.006342958168 0.999765419304 0.889318768595
0.101894093260 0.994760199834 -0.008350963120 88.579376634578 -0.994650477574 0.102018887268 0.016204138405 -3.414221047817 0.016971187923 0.006655183466 0.999833829851 0.906648394895
0.088796112013 0.995998539655 -0.010107398065 88.615814833652 -0.995945829672 0.088928900454 0.013548247964 -3.891019005591 0.014392874983 0.008863389208 0.999857132535 0.918605315486
0.076572609781 0.996968628382 -0.013790919232 88.643978464559 -0.996973274046 0.076744911447 0.012430181177 -4.391891170553 0.013450883554 0.012797366486 0.999827635717 0.929066458087
0.066677119124 0.997636444985 -0.016603777348 88.668516937748 -0.997676781079 0.066894365554 0.012891251005 -4.901032247318 0.013971480975 0.015705651659 0.999779040701 0.939484873534
0.058623363342 0.998108499639 -0.018512812308 88.694380562910 -0.998176081628 0.058874965227 0.013350975098 -5.434381126634 0.014415662904 0.017696367386 0.999739479687 0.948696421572
0.052306801700 0.998420379961 -0.020512029970 88.720735106866 -0.998521805551 0.052593873264 0.013714530074 -5.979134921363 0.014771673432 0.019764345996 0.999695537797 0.956600220360
0.046634232075 0.998680681663 -0.021497545703 88.746679381389 -0.998790902643 0.046952917006 0.014565588949 -6.530538402559 0.015555744779 0.020792298022 0.999662792719 0.967395822751
0.040636829404 0.998933973511 -0.021898964852 88.770927457812 -0.999042807586 0.040976865544 0.015308987563 -7.119724698903 0.016190018716 0.021255894613 0.999642971384 0.975643335537
0.035739190036 0.999059560400 -0.024550052303 88.790430668401 -0.999229493679 0.036122439699 0.015348886337 -7.729874868108 0.016221259421 0.023982579567 0.999580765431 0.986396098377
0.032811351744 0.999116458943 -0.026262457353 88.808024171819 -0.999333428556 0.033216562904 0.015144587107 -8.341593759183 0.016003554809 0.025748037174 0.999540356772 0.998858643447
0.029762346923 0.999180039365 -0.027449073565 88.824702418077 -0.999437279861 0.030172577603 0.014653981864 -8.977591108655 0.015470175478 0.026997490527 0.999515787357 1.010805726941
0.027136597274 0.999188656106 -0.029759613538 88.840798625854 -0.999519156506 0.027568298024 0.014193122347 -9.640266552818 0.015002028739 0.029360150776 0.999456312542 1.019605487004
0.026406710505 0.999067869646 -0.034147876682 88.853813974883 -0.999545393160 0.026885690355 0.013644290623 -10.310932736906 0.014549661604 0.033772051991 0.999323649201 1.033734916842
0.026925808863 0.998921516790 -0.037825971390 88.868891661626 -0.999535621807 0.027443831847 0.013242991837 -11.004137418348 0.014266799091 0.037451827567 0.999196586791 1.046013211159
0.029484437331 0.998754322753 -0.040255070963 88.887069291629 -0.999463182071 0.030032989276 0.013090731086 -11.707080326926 0.014283404375 0.039847488479 0.999103679315 1.059665981135
0.033168844019 0.998539844750 -0.042638084313 88.910801968186 -0.999345425905 0.033751609174 0.013021082919 -12.432378721943 0.014441174074 0.042178280259 0.999005728295 1.071223358257
0.036982740568 0.998360074332 -0.043697126680 88.940587239581 -0.999215132424 0.037564614373 0.012570556126 -13.173713853882 0.014191407062 0.043197936606 0.998965736269 1.084003895015
0.041585523972 0.998111994819 -0.045200553040 88.966578880282 -0.999053014180 0.042118895785 0.010912079345 -13.928103826525 0.012795274666 0.044703964220 0.998918333263 1.096301338845
0.045596894257 0.997927135361 -0.045413167090 89.004385150226 -0.998895561143 0.046062848074 0.009266712209 -14.702028096350 0.011339363385 0.044940477727 0.998925308669 1.109117465159
0.049576687988 0.997852891164 -0.042799060783 89.051766172539 -0.998725573853 0.049934553717 0.007332699122 -15.496524007688 0.009454107019 0.042380985604 0.999056791138 1.119940506329
0.054211052568 0.997668140244 -0.041466175628 89.098309738717 -0.998494101793 0.054512033824 0.006161724862 -16.295574440178 0.008407762152 0.041069698198 0.999120908312 1.131863896409
0.057926349066 0.997550946710 -0.039200086761 89.150179924773 -0.998278935641 0.058239095346 0.006882908401 -17.097465109221 0.009149029382 0.038733919134 0.999207675496 1.145227039557
0.061173918783 0.997433349463 -0.037208400113 89.208480792234 -0.998045409661 0.061603386933 0.010506330119 -17.906979393155 0.012771527511 0.036492959548 0.999252296464 1.164187970770
0.062711470412 0.997502710690 -0.032490208451 89.272146112832 -0.997868949373 0.063255895990 0.016007857416 -18.720802491352 0.018023078412 0.031417093895 0.999343852163 1.176149694345
0.062245961889 0.997620029555 -0.029660021224 89.334044592026 -0.997842029955 0.062827073410 0.019079887390 -19.544703170567 0.020897930153 0.028408369843 0.999377927032 1.198123558372
0.062895817559 0.997643196253 -0.027425701511 89.391611219577 -0.997810624171 0.063421865659 0.018751673192 -20.367542008914 0.020446868335 0.026186254527 0.999447950445 1.217126497473
0.063078925600 0.997687182914 -0.025324576894 89.450460981520 -0.997836327776 0.063519112899 0.016970128668 -21.190402979168 0.018539474523 0.024199325327 0.999535232265 1.242209916467
0.062499051168 0.997719029471 -0.025506995783 89.509393483196 -0.997899682294 0.062905679970 0.015462842712 -22.007132364172 0.017032107338 0.024487009991 0.999555047839 1.268383930327
0.063235690094 0.997719638235 -0.023595994968 89.567989368465 -0.997866445936 0.063594425994 0.014775150023 -22.832721472472 0.016242031092 0.022611334829 0.999612386860 1.290399501182
0.063544367901 0.997739546173 -0.021861182750 89.624650196556 -0.997847264574 0.063876665565 0.014852884528 -23.655253759122 0.016215729728 0.020870304249 0.999650679242 1.314401802656
0.063288490711 0.997805635689 -0.019454570958 89.685411887858 -0.997854533791 0.063594910377 0.015556888068 -24.467124309652 0.016759962284 0.018428259867 0.999689703309 1.336960759570
0.062386854413 0.997922248574 -0.016095533442 89.747016527197 -0.997896878313 0.062653404298 0.016624415274 -25.286708056016 0.017598313836 0.015024537601 0.999732245464 1.359730077944
0.059417805804 0.998146829337 -0.013131315132 89.807763151626 -0.998087356652 0.059628840447 0.016310422409 -26.100183517243 0.017063201508 0.012137070099 0.999780745306 1.381918404953
0.055929887749 0.998378397651 -0.010602960013 89.862064087005 -0.998313281271 0.056085544088 0.015000139439 -26.916678847610 0.015570487959 0.009746119686 0.999831272293 1.404002906097
0.050967243385 0.998664753400 -0.008429140990 89.911974470742 -0.998616648086 0.051070412602 0.012514116945 -27.731329574004 0.012927887221 0.007779670477 0.999886166751 1.426042668634
0.044663392419 0.998979899773 -0.006658920917 89.952841802892 -0.998943171724 0.044732159286 0.010562840146 -28.544492011455 0.010849932901 0.006180111307 0.999922039551 1.447112375164
0.037304709393 0.999288837582 -0.005493427076 89.990092300753 -0.999247693732 0.037360369357 0.010404295862 -29.358173574760 0.010602133182 0.005101165103 0.999930784048 1.469522271801
0.028425222118 0.999583184023 -0.005046282414 90.016996085432 -0.999532020419 0.028480124596 0.011163451973 -30.158170027534 0.011302517620 0.004726597254 0.999924953371 1.484368276327
0.018495499166 0.999816518535 -0.004984553560 90.033600373044 -0.999763961588 0.018550905714 0.011308625382 -30.962343008154 0.011399018442 0.004774218342 0.999923631693 1.503248171177
0.008223439747 0.999950765523 -0.005553518595 90.044132983954 -0.999911134901 0.008281135701 0.010447252874 -31.760297214645 0.010492727950 0.005467112726 0.999930004220 1.519678419840
-0.002503547514 0.999984526348 -0.004967827871 90.047563275408 -0.999953655084 -0.002457226069 0.009308583388 -32.561901804146 0.009296232274 0.004990902118 0.999944333931 1.537005492253
-0.013548875477 0.999890712904 -0.005915253356 90.036274200760 -0.999874221225 -0.013499401336 0.008325136279 -33.352931188121 0.008244374070 0.006027305578 0.999947849582 1.555972470491
-0.024555148902 0.999679917710 -0.006091534242 90.020496382039 -0.999664473450 -0.024503600937 0.008397265202 -34.140135755019 0.008245312862 0.006295686468 0.999946188126 1.572844030654
-0.035622206153 0.999348398335 -0.005816972905 89.992507286030 -0.999329029815 -0.035570699603 0.008730148839 -34.926167792458 0.008517546463 0.006124057052 0.999944972150 1.587247725684
-0.046228394844 0.998915333032 -0.005576104691 89.958575765828 -0.998886192171 -0.046172796396 0.009718434165 -35.695379976393 0.009450428553 0.006019161594 0.999937227577 1.605338062318
-0.056515640857 0.998386494351 -0.005512734003 89.920087565676 -0.998349351944 -0.056455266192 0.010553406654 -36.465876436904 0.010225155807 0.006100066960 0.999929115174 1.620580522068
-0.066316150234 0.997780915924 -0.005950801252 89.871512311017 -0.997741269671 -0.066247191357 0.011120630966 -37.234882784203 0.010701729481 0.006674837430 0.999920456602 1.636924869342
-0.075785300173 0.997102352395 -0.006594476868 89.817863873199 -0.997063865301 -0.075706332528 0.011497813953 -37.981201076740 0.010965253681 0.007446479878 0.999912152716 1.654721047234
-0.085343091861 0.996330140930 -0.006542701693 89.754819011116 -0.996290752720 -0.085263452643 0.011613771510 -38.737047180659 0.011013297270 0.007509588364 0.999911152736 1.671121830856
-0.093874377445 0.995551775111 -0.008016503811 89.688189776662 -0.995530898512 -0.093783120135 0.011088574536 -39.474643413753 0.010287437323 0.009021610273 0.999906385209 1.689092470502
-0.101232916718 0.994816228652 -0.009621215313 89.612137529309 -0.994823729254 -0.101138555867 0.009835661158 -40.204402121753 0.008811599517 0.010567105964 0.999905341513 1.705056254345
-0.106732470931 0.994207794486 -0.012611147170 89.533068681723 -0.994264553286 -0.106634707264 0.008187630017 -40.933764456860 0.006795419594 0.013412702591 0.999886954451 1.722262290858
-0.110504057120 0.993747197920 -0.015979987068 89.453232467675 -0.993864742428 -0.110413150168 0.006466067416 -41.642936057416 0.004661235664 0.016596472415 0.999851403952 1.738580124281
-0.113270884972 0.993407168336 -0.017660818675 89.372982530416 -0.993559105895 -0.113195813196 0.005197207693 -42.339955352051 0.003163812646 0.018135759527 0.999830527898 1.752339491026
-0.115101282298 0.993179665290 -0.018596969313 89.294124434364 -0.993351009735 -0.115036727222 0.004508086936 -43.030872652881 0.002338005788 0.018992204832 0.999816898179 1.764851598482
-0.115846519243 0.993093348879 -0.018579138595 89.219788105627 -0.993263933041 -0.115778449150 0.004702130670 -43.697789850133 0.002518590841 0.018998713744 0.999816335922 1.775234186624
-0.115099979959 0.993164020672 -0.019422220680 89.144675882883 -0.993347909814 -0.115009312351 0.005726093033 -44.351720033389 0.003453213335 0.019952095509 0.999794973583 1.788313485243
-0.112318933503 0.993471267391 -0.019982443412 89.072494342739 -0.993660778765 -0.112198477323 0.007053965617 -44.998840668044 0.004765912437 0.020648064178 0.999775446550 1.802326214642
-0.107100653124 0.994039417322 -0.020373681826 89.009357933014 -0.994232311557 -0.106960670094 0.007843832526 -45.613786756868 0.005617896054 0.021096252363 0.999761665288 1.812828724912
-0.099003750897 0.994893274374 -0.019637462005 88.955962100716 -0.995065501395 -0.098852423375 0.008535005951 -46.216194427562 0.006550209310 0.020385558579 0.999770735599 1.825546059201
-0.087696680245 0.995971580209 -0.018705712750 88.911888425363 -0.996122007907 -0.087545386855 0.008760742207 -46.799615785631 0.007087851400 0.019401460152 0.999786650094 1.836728701967
-0.074199953112 0.997073422715 -0.018410775998 88.878251537987 -0.997214545043 -0.074044760124 0.008973552990 -47.369061998344 0.007584069701 0.019025330822 0.999790237337 1.853449708717
-0.056965130013 0.998222148095 -0.017536163070 88.854468929450 -0.998331796470 -0.056788211294 0.010427042534 -47.908835776984 0.009412657463 0.018100887014 0.999791858223 1.865571903099
-0.035707214656 0.999225916656 -0.016509461041 88.847246310637 -0.999283359370 -0.035491892524 0.013156490849 -48.449377963258 0.012560354611 0.016967411333 0.999777147391 1.881400083233
-0.011069353522 0.999829933199 -0.014750392910 88.854334979926 -0.999806957931 -0.010827215318 0.016395678743 -48.972273004021 0.016233184702 0.014929035028 0.999756774234 1.895139139414
0.016978183924 0.999762845583 -0.013637956646 88.877210899070 -0.999680955349 0.017228752228 0.018470452326 -49.487018826180 0.018701036952 0.013320010792 0.999736389519 1.908124056621
0.050113456228 0.998660156636 -0.012904768565 88.917436455385 -0.998564051341 0.050345215245 0.018308322487 -50.018666073375 0.018933485554 0.011968744662 0.999749104664 1.924159160727
0.088123026562 0.996032594691 -0.012385576426 88.975899225144 -0.995960394031 0.088318217007 0.016210677535 -50.533986123717 0.017240235233 0.010907009610 0.999791884059 1.937763967884
0.129875558045 0.991467601277 -0.011150562330 89.060524089447 -0.991430436117 0.130013871437 0.012731204800 -51.035019909841 0.014072304861 0.009401534546 0.999856780436 1.954458386746
0.174613735549 0.984596126539 -0.008972790105 89.175003765085 -0.984583994871 0.174691647890 0.008785510908 -51.545243743845 0.010217651499 0.007300394648 0.999921148809 1.969782053031
0.222641756296 0.974888433899 -0.004815579250 89.310332405856 -0.974877413777 0.222667673604 0.005756321663 -52.039352409228 0.006684045240 0.003413001880 0.999971837082 1.983421986296
0.273773266711 0.961792443281 -0.001869353494 89.465645895535 -0.961781606559 0.273779117612 0.004597395449 -52.510316528383 0.004933530152 0.000539265836 0.999987684660 1.995421657293
0.327711014476 0.944776436645 -0.001725036784 89.659899785617 -0.944763733359 0.327715553760 0.004899382848 -52.975552552730 0.005194142854 0.000024170468 0.999986510057 2.000450247150
0.385223101424 0.922808710700 -0.005219730384 89.866051239997 -0.922796246050 0.385249022795 0.005502609453 -53.420083671083 0.007088751965 0.002697015325 0.999971237438 2.016630651485
0.444862630253 0.895551079764 -0.009246823088 90.085269178389 -0.895514359015 0.444938759019 0.009139667383 -53.830540906035 0.012299308984 0.004214766379 0.999915477799 2.026253873976
0.503890029736 0.863645633447 -0.014527827116 90.353151004011 -0.863569613712 0.504063433585 0.012945161119 -54.235203822243 0.018502978293 0.006022852430 0.999810664597 2.040442747640
0.561710902222 0.827189606700 -0.015434276534 90.630974519461 -0.827008135791 0.561915440285 0.017566482424 -54.596827502278 0.023203569981 0.002896987573 0.999726563518 2.048327890685
0.617071127035 0.786747130859 -0.015880058745 90.963745400870 -0.786468435747 0.617275273479 0.020943646411 -54.954275768356 0.026279721329 -0.000434554534 0.999654534031 2.055800575880
0.669961027183 0.742174040300 -0.018163588857 91.290601703590 -0.741841343273 0.670205647929 0.022266811515 -55.279067385695 0.028699189305 -0.001443394758 0.999587051309 2.068569005770
0.719223753764 0.694496142306 -0.019806573247 91.623367240462 -0.694188863765 0.719495539968 0.020687904467 -55.573620795375 0.028618410958 -0.001129729731 0.999589770989 2.080983500995
0.764790440893 0.644071563301 -0.016352457472 92.018488112325 -0.643854269743 0.764961489203 0.016899685477 -55.866940472716 0.023393607065 -0.002396118342 0.999723460646 2.104451070832
0.806611354416 0.590951885069 -0.012409369897 92.409208936999 -0.590827932625 0.806702405022 0.012392891574 -56.121609748762 0.017334271178 -0.002664444696 0.999846200061 2.115353678672
0.843638030462 0.536864582199 -0.007161978622 92.798744515109 -0.536795438887 0.843657640842 0.009614667869 -56.336977854713 0.011204032636 -0.004266782007 0.999928129529 2.130507417282
0.875305684201 0.483565227592 -0.002151713168 93.242619738901 -0.483540625894 0.875292879252 0.007130122132 -56.547593323519 0.005331258346 -0.005200595699 0.999972265360 2.136463918609
0.901407076930 0.432960508980 0.003237178469 93.681460139853 -0.432972599744 0.901383545190 0.006514010456 -56.724847051931 -0.000097630123 -0.007273384702 0.999973543822 2.150922605178
0.922111483002 0.386855759420 0.007282466550 94.105852665655 -0.386909522340 0.922077420745 0.008616941218 -56.875039511906 -0.003381484634 -0.010763436100 0.999936354977 2.164918958538
0.937983012304 0.346530759807 0.010212792775 94.580459049452 -0.346648295486 0.937892872648 0.013853471512 -57.019519913262 -0.004777851544 -0.016534568147 0.999851879126 2.162746747898
