1.000000000000 0.000000000000 0.000000000000 0.000000000000 0.000000000000 1.000000000000 0.000000000000 0.000000000000 0.000000000000 0.000000000000 1.000000000000 0.000000000000
0.999008443960 0.044452676359 -0.002467480529 0.937266469956 -0.044455928245 0.999010527709 -0.001279050867 -0.065336653142 0.002408181792 0.001387476754 0.999996137777 0.015818664695
0.995971109042 0.089400566740 -0.007006327221 1.967123562138 -0.089437450736 0.995979176706 -0.005140231013 -0.149373196127 0.006518616452 0.005746149628 0.999962243989 0.030818443258
0.990779469312 0.135061540236 -0.010696893932 2.927242538448 -0.135120528231 0.990816578275 -0.004995104294 -0.272195844939 0.009924013364 0.006394416740 0.999930310268 0.061882995255
0.983349844373 0.181237862039 -0.013263518964 3.937974682019 -0.181292734360 0.983424450348 -0.003048758086 -0.439470463556 0.012491118450 0.005402575410 0.999907387781 0.064886492274
0.973763310734 0.227165665378 -0.013445264677 4.882962947749 -0.227252421749 0.973821461344 -0.005300776900 -0.650425732382 0.011889132784 0.008217171022 0.999895557857 0.096284252808
0.962022748976 0.272564401755 -0.014861942987 5.829642940246 -0.272677726588 0.962085557151 -0.006183699843 -0.907395141540 0.012613004250 0.010001380748 0.999870433860 0.118628150511
0.948305453048 0.316810328540 -0.018654314513 6.809761731540 -0.317009355095 0.948381311244 -0.008829341185 -1.210687102476 0.014894176776 0.014286504606 0.999787006959 0.138008435422
0.933228947016 0.358645555618 -0.021379847664 7.716299540851 -0.358923706667 0.933303329030 -0.010893521607 -1.551702402006 0.016046969890 0.017839883871 0.999712075200 0.191987633469
0.915763801394 0.401086583496 -0.022499168793 8.623229845186 -0.401382594834 0.915850202679 -0.010508035808 -1.929745388136 0.016391236117 0.018653653569 0.999691636750 0.196222405069
0.895909340529 0.443680800859 -0.022221622377 9.523606651775 -0.443987326868 0.895961630172 -0.011314187587 -2.364906736623 0.014889833200 0.020002605058 0.999689045983 0.226709637468
0.873960459302 0.485525952491 -0.021393107175 10.370393809766 -0.485817462354 0.873987226249 -0.011301399264 -2.821653597315 0.013210179759 0.020270121131 0.999707263823 0.261926788283
0.849661036246 0.526892417173 -0.021459361852 11.234604084991 -0.527186974267 0.849673380769 -0.011359585196 -3.328510979326 0.012248169231 0.020964892974 0.999705184348 0.277512666229
0.823881637292 0.566333085263 -0.022042782711 12.031719352530 -0.566645286025 0.823877814514 -0.011767182244 -3.859137177865 0.011496415021 0.022185204288 0.999687775834 0.300267551737
0.796608076817 0.604014986319 -0.024113652816 12.819874819485 -0.604397953116 0.796563659148 -0.013764127077 -4.441916285348 0.010894320494 0.025538857204 0.999614465959 0.339360968060
0.767039379464 0.641104677201 -0.025206809034 13.578012740402 -0.641505824128 0.767007859135 -0.013008521614 -5.060122410382 0.010993996583 0.026148363150 0.999597616616 0.344750967423
0.736812206127 0.675518665651 -0.027969720406 14.299606270100 -0.676028122452 0.736698396050 -0.016169443755 -5.696919814676 0.009682487091 0.030822161096 0.999477985665 0.375539798273
0.704591575030 0.709060192061 -0.028006364111 14.979537012305 -0.709560373598 0.704471306849 -0.015628629062 -6.367844571433 0.008648041201 0.030884006548 0.999485562438 0.399521773977
0.669562099320 0.742167223958 -0.029570370941 15.636605210465 -0.742700407446 0.669468559082 -0.014420581849 -7.087175029766 0.009093950427 0.031617401603 0.999458673474 0.401519329730
0.634173928995 0.772464301143 -0.033501212546 16.253475830052 -0.773136454221 0.634046060943 -0.015672133149 -7.804811489149 0.009135148471 0.035839866935 0.999315792430 0.434014692395
0.597006019808 0.801496452995 -0.034456467460 16.840395998407 -0.802185494640 0.596902524839 -0.014346010979 -8.573975038157 0.009068875510 0.036205133307 0.999303229165 0.450056283993
0.559522562100 0.827957543419 -0.037693617465 17.371023654225 -0.828756719344 0.559444117392 -0.013586009602 -9.349754330499 0.009838833419 0.038840517652 0.999196983355 0.475627803120
0.520362647796 0.852880299077 -0.042636958451 17.869878020245 -0.853864579817 0.520351290941 -0.012239826402 -10.151918487136 0.011747089570 0.042775337087 0.999015653743 0.498670387187
0.480673674229 0.875758557097 -0.044718772052 18.350526832371 -0.876822063920 0.480683741156 -0.011234287329 -11.003352011529 0.011657063389 0.044610432174 0.998936445533 0.503839295072
0.442276690948 0.895585624939 -0.048142673871 18.761709597187 -0.896828425605 0.442182435122 -0.013170766746 -11.851592756951 0.009492295399 0.049000841546 0.998753630209 0.518657037640
0.405386429765 0.912679141171 -0.051755461883 19.165525088508 -0.914110208143 0.405217505517 -0.014188043948 -12.733198486999 0.008023087396 0.053061836516 0.998558997543 0.545567409363
0.369065724866 0.927877797719 -0.053228594092 19.532633310365 -0.929365762654 0.368959787899 -0.012163639266 -13.642678472027 0.008352839972 0.053958015286 0.998508268694 0.562127818966
0.335642306125 0.940469924162 -0.053484241478 19.874216670604 -0.941970442066 0.335455362352 -0.012703784643 -14.556711080988 0.005994048226 0.054644502163 0.998487881634 0.570682065440
0.302096996792 0.951709016292 -0.054656681546 20.168409299053 -0.953273631599 0.301755610316 -0.014592290468 -15.498079639599 0.002605345891 0.056511060435 0.998398573828 0.576037575710
0.269488720551 0.961403613162 -0.055488035593 20.455615828161 -0.963003281123 0.269083649738 -0.014787494404 -16.443915867339 0.000714172584 0.057420223286 0.998349842448 0.593027091935
0.236873987028 0.970088425736 -0.053095767470 20.703583321688 -0.971540164570 0.236556509399 -0.012277071601 -17.417194116603 0.000650304354 0.054492789565 0.998513952326 0.605225439324
0.204864281479 0.977366484405 -0.052776712062 20.920518415688 -0.978790166654 0.204602575015 -0.010372847164 -18.405627181834 0.000660178022 0.053782352675 0.998552463672 0.597024610553
0.174233108730 0.983204855053 -0.054323446347 21.098241738868 -0.984704156974 0.173926287343 -0.010361940390 -19.396017100589 -0.000739634761 0.055297916526 0.998469625661 0.603061353933
0.143489456300 0.988082598238 -0.055709559230 21.251808231376 -0.989647665878 0.143097717866 -0.010979096632 -20.409184402547 -0.002876343538 0.056708219866 0.998386650776 0.611026418256
0.112699200011 0.992127705891 -0.054603164006 21.378847515807 -0.993613580985 0.112219499652 -0.011782851087 -21.443788281333 -0.005562553274 0.055582363213 0.998438610482 0.613015023286
0.083323285331 0.995006554624 -0.054947123460 21.481576604018 -0.996495047549 0.082784438571 -0.012014863343 -22.494896583075 -0.007406101013 0.055755654292 0.998416975358 0.605336132848
0.055481909001 0.996807052522 -0.057423495335 21.542152275591 -0.998421704510 0.054886286544 -0.011899391293 -23.566572375485 -0.008709634742 0.057993065036 0.998278992402 0.598869423710
0.030164528210 0.997644729054 -0.061604349102 21.582590023871 -0.999497348828 0.029504280272 -0.011599445292 -24.642483748041 -0.009754533473 0.061923275399 0.998033244457 0.596071131795
0.007059146175 0.997793083298 -0.066023718293 21.584236302598 -0.999917683608 0.006335910654 -0.011157161137 -25.734602731830 -0.010714217831 0.066097043490 0.997755674691 0.584095115290
-0.013788853547 0.997326083378 -0.071767338896 21.574925534316 -0.999825579171 -0.014656408384 -0.011575876987 -26.849791600802 -0.012596775484 0.071595203105 0.997354224005 0.585977928060
-0.031329270723 0.996586649948 -0.076377522492 21.547029578028 -0.999403366888 -0.032345917639 -0.012109990303 -27.958926162416 -0.014539155719 0.075952555969 0.997005427364 0.572832258164
-0.047120307563 0.995728729230 -0.079397571756 21.493994769563 -0.998762292340 -0.048232355962 -0.012145914432 -29.093135889145 -0.015923567887 0.078726981549 0.996769031603 0.560042285507
-0.061934503480 0.994706191145 -0.081998235204 21.422119853448 -0.997918941123 -0.063192011054 -0.012827965038 -30.229932715738 -0.017941689629 0.081033098403 0.996549914824 0.549929160779
-0.075027082801 0.993769601258 -0.082419151068 21.338083962005 -0.996979441746 -0.076418998158 -0.013861077031 -31.366748613021 -0.020073105948 0.081130243047 0.996501356788 0.531785194344
-0.087133996090 0.992749538449 -0.082801090788 21.252958308555 -0.995976514462 -0.088560360840 -0.013705660417 -32.512289165416 -0.020939182531 0.081273712836 0.996471843173 0.516576197570
-0.099114198795 0.991656578452 -0.082423334130 21.128699351172 -0.994889048552 -0.100360871836 -0.011111996961 -33.666101317443 -0.019291362559 0.080900715795 0.996535457229 0.496351605420
-0.109661519030 0.990535425600 -0.082546483121 20.996742424089 -0.993826972944 -0.110670898320 -0.007739516432 -34.842264282320 -0.016801758643 0.081188194319 0.996557162440 0.478862971738
-0.119979375087 0.989306526662 -0.082930970436 20.848720778928 -0.992659219218 -0.120829262734 -0.005288077977 -36.046316812730 -0.015252018072 0.081687732070 0.996541263759 0.460709124792
-0.127537124725 0.988375415582 -0.082754575039 20.703921853356 -0.991725254607 -0.128312859991 -0.004102357221 -37.263474666877 -0.014673145224 0.081546599156 0.996561513894 0.441779205850
-0.133447024631 0.987598019510 -0.082716645704 20.540309505662 -0.990953293614 -0.134168897461 -0.003205749323 -38.501073296308 -0.014263992839 0.081540534788 0.996567950365 0.418212858900
-0.139226307552 0.986769475432 -0.083078502882 20.359488293525 -0.990168952952 -0.139863944693 -0.001876588516 -39.765205052645 -0.013471447398 0.082000483722 0.996541238873 0.401921993013
-0.143893495337 0.986172954415 -0.082204415824 20.166979651413 -0.989519776349 -0.144397291609 -0.000185444434 -41.040197111698 -0.012052975288 0.081316210913 0.996615472301 0.383415344637
-0.148251294267 0.985537022346 -0.082087339664 19.971494663428 -0.988879928507 -0.148715400970 0.000465307169 -42.349655938610 -0.011749074191 0.081243504968 0.996625030870 0.370357314835
-0.151791321635 0.984972047772 -0.082398178280 19.782722860880 -0.988330026003 -0.152327637189 -0.000225052014 -43.674227789858 -0.012773189749 0.081402432740 0.996599462958 0.354032686135
-0.153889209846 0.984569970995 -0.083307162401 19.582419942087 -0.987972782145 -0.154611501948 -0.002250601136 -45.019612128918 -0.015096119797 0.081958865779 0.996521375329 0.334765250979
-0.156222589276 0.984115259058 -0.084330655692 19.389154390656 -0.987591132917 -0.157020674339 -0.002874371988 -46.380738444931 -0.016070369758 0.082835165960 0.996433679929 0.310934104264
-0.158921054288 0.983601869335 -0.085272862884 19.157458771426 -0.987155735920 -0.159736656716 -0.002784518310 -47.778355851455 -0.016360059440 0.083735077129 0.996353745069 0.296983616226
-0.159593920222 0.983441332434 -0.085865745725 18.921439791533 -0.987053055808 -0.160378057092 -0.002268000059 -49.183992928459 -0.016001426470 0.084392087686 0.996304135235 0.259854087926
-0.161206191608 0.983070226747 -0.087094736188 18.699928449458 -0.986797534519 -0.161951630058 -0.001515054301 -50.616178762468 -0.015594539271 0.085700634806 0.996198881519 0.247385433507
-0.160799946751 0.983137968003 -0.087081071396 18.460499032391 -0.986876531281 -0.161475062205 -0.000718535706 -52.061370804065 -0.014767841154 0.085822725177 0.996200969037 0.214018689646
-0.160547296683 0.983239678277 -0.086396183881 18.225520345067 -0.986934231743 -0.161123325948 0.000309918118 -53.539642428816 -0.013615716706 0.085317107880 0.996260810913 0.203204645712
-0.159650151139 0.983403840052 -0.086190002967 17.994372065162 -0.987080428924 -0.160225359188 0.000247199952 -55.035656714818 -0.013566726802 0.085115930607 0.996278687055 0.183169690893
-0.158340071545 0.983553772346 -0.086893029910 17.763649864585 -0.987283599118 -0.158968532827 -0.000316992355 -56.534679231382 -0.014125036504 0.085737870716 0.996217597149 0.157931799290
-0.157226790741 0.983702873531 -0.087226102063 17.524308203023 -0.987468392769 -0.157816841879 0.000133050829 -58.074955362316 -0.013634865474 0.086153937967 0.996188531060 0.143655992520
-0.156388614284 0.983876468078 -0.086773826030 17.280260689853 -0.987614314589 -0.156898204833 0.000958612639 -59.630213208461 -0.012671501113 0.085848988821 0.996227576499 0.118670132538
-0.155587608112 0.983933782503 -0.087560309792 17.036690108557 -0.987747852624 -0.156050277047 0.001578185970 -61.205644464251 -0.012110980110 0.086733054152 0.996157970142 0.100598022787
-0.154663569847 0.984136610836 -0.086915541618 16.779120669101 -0.987894377531 -0.155120644890 0.001511413559 -62.810749782185 -0.011994957449 0.086097135501 0.996214537263 0.079625861861
-0.153678635090 0.984127747880 -0.088743748902 16.534408627787 -0.988025145190 -0.154292930793 -0.000063088920 -64.419668948857 -0.013754620664 0.087671359974 0.996054487993 0.061216971816
-0.153144120803 0.983931608370 -0.091790349784 16.286390542209 -0.988081702900 -0.153923673136 -0.001432215951 -66.040323381334 -0.015537910341 0.090477029672 0.995777324729 0.035029840863
-0.152692251817 0.983830404525 -0.093609889257 16.030508726753 -0.988162447660 -0.153410382432 -0.000481245229 -67.673573799105 -0.014834192598 0.092428294876 0.995608837363 0.018027879399
-0.151732339362 0.984006318690 -0.093321283584 15.775455751921 -0.988329875607 -0.152326879694 0.000760726381 -69.340116356570 -0.013466780372 0.092347639390 0.995635756351 0.008465021777
-0.151128647670 0.984042068777 -0.093921982150 15.525268027369 -0.988424620402 -0.151709725566 0.000963821288 -70.998805267212 -0.013300437442 0.092980460562 0.995579093954 -0.014386477806
-0.151034134729 0.984048260512 -0.094009101315 15.266086135410 -0.988432273635 -0.151662191748 0.000469073855 -72.695292457289 -0.013796035039 0.092992475919 0.995571227406 -0.024910212208
-0.150794311663 0.984015529604 -0.094733906645 15.009092104738 -0.988459976654 -0.151482241524 -0.000071107937 -74.385101779177 -0.014420475842 0.093629952478 0.995502627759 -0.054135179729
-0.150390047675 0.983973135858 -0.095810758636 14.740762164665 -0.988519531349 -0.151093113855 -0.000084182608 -76.111662206464 -0.014559179288 0.094698145999 0.995399563714 -0.069542883500
-0.149875067049 0.983944414937 -0.096906411503 14.474841141450 -0.988597909237 -0.150579453519 0.000045050031 -77.842401277869 -0.014547787760 0.095808227680 0.995293497105 -0.097015446769
-0.149846850239 0.983929452284 -0.097101773417 14.209860417929 -0.988612865999 -0.150478986940 0.000821991944 -79.587295706923 -0.013802994411 0.096119235415 0.995274117984 -0.114355565785
-0.150347235722 0.983919287954 -0.096428955731 13.946373766711 -0.988549863229 -0.150884559296 0.001737145894 -81.351911063427 -0.012840429138 0.095586006083 0.995338353938 -0.135602025870
-0.151691513020 0.983804134190 -0.095494033473 13.685296436241 -0.988351909632 -0.152168164771 0.002313516008 -83.120400071433 -0.012255105207 0.094732651085 0.995427313878 -0.152315889958
-0.152720846621 0.983743390558 -0.094473724078 13.411756058326 -0.988199236034 -0.153149481600 0.002739742386 -84.913329579861 -0.011773398404 0.093777277736 0.995523585492 -0.163784653080
-0.153857967776 0.983602709860 -0.094092693169 13.142186434808 -0.988016516618 -0.154331540457 0.002266828144 -86.721516827818 -0.012291811977 0.093313904516 0.995560860311 -0.185675133151
-0.154423140913 0.983543955709 -0.093780492319 12.851287629340 -0.987920132313 -0.154955397778 0.001623844256 -88.546695602866 -0.012934671288 0.092898395511 0.995591574086 -0.198588444297
-0.154906557960 0.983666037385 -0.091679251726 12.574198830781 -0.987838086623 -0.155483697678 0.000856955599 -90.379825840438 -0.013411670940 0.090697004650 0.995788220673 -0.223561078016
-0.156495448088 0.983438744814 -0.091418870737 12.283077940425 -0.987598655787 -0.156989241766 0.001809159273 -92.230441357004 -0.012572581876 0.090568279045 0.995810884162 -0.240866166451
-0.159033202672 0.983178897955 -0.089820348832 11.994302298565 -0.987203225318 -0.159445882915 0.002608130191 -94.091303089044 -0.011757226256 0.089085717363 0.995954568538 -0.264341579084
-0.163241006914 0.982446492813 -0.090284342058 11.687868709410 -0.986518055399 -0.163620544492 0.003231685663 -95.971545656900 -0.011597414961 0.089594677182 0.995910786058 -0.278406138578
-0.167698276557 0.981858879749 -0.088489707297 11.383718627056 -0.985762502360 -0.168122043636 0.002695808614 -97.860070983976 -0.012230166806 0.087681917757 0.996073443235 -0.298096427550
-0.172426682452 0.981174069198 -0.086985545417 11.068032677520 -0.984934443382 -0.172917509570 0.001917583022 -99.758756966624 -0.013159841145 0.086005702236 0.996207728219 -0.319413475837
-0.177242980328 0.980424529720 -0.085747696460 10.736107698263 -0.984085755457 -0.177674704407 0.002631600545 -101.670062430847 -0.012655110896 0.084849519373 0.996313408135 -0.332838466250
-0.181892919824 0.979575851705 -0.085709488828 10.393558502826 -0.983249451277 -0.182219710951 0.004061219599 -103.580027728861 -0.011639685632 0.085012514951 0.996311893947 -0.343518571317
-0.186639182174 0.978734707710 -0.085112793404 10.041019346148 -0.982375099644 -0.186830861747 0.005778641524 -105.501280109132 -0.010245939514 0.084691209829 0.996354565253 -0.354727083544
-0.191685271257 0.977889206190 -0.083602973630 9.679703507423 -0.981405424805 -0.191847201714 0.006167929808 -107.436119746026 -0.010007444562 0.083230713148 0.996480054714 -0.368701029307
-0.196552001880 0.977053780650 -0.082056201925 9.305622394481 -0.980436328272 -0.196754048826 0.005696531928 -109.372282247676 -0.010579071903 0.081570546081 0.996611423399 -0.379138596495
-0.202114549885 0.976108696855 -0.079759141476 8.927645252114 -0.979296845940 -0.202368380540 0.004972533554 -111.330867233542 -0.011286995046 0.079112897063 0.996801762268 -0.392714802167
-0.207380683813 0.975027443603 -0.079465314454 8.527988178059 -0.978184019101 -0.207693757424 0.004396351097 -113.294804081274 -0.012217886772 0.078643418969 0.996827936956 -0.404316809823
-0.212789080940 0.973849645813 -0.079609511884 8.118443805899 -0.977013947966 -0.213133001730 0.004250771039 -115.262699257540 -0.012827802363 0.078684121164 0.996817062737 -0.424015740449
-0.218299301672 0.972601011062 -0.079954288011 7.686373597090 -0.975807146054 -0.218562573039 0.005551159834 -117.236882360704 -0.012075951246 0.079231779914 0.996783073920 -0.433309099955
-0.224034149441 0.971395743504 -0.078733788084 7.250871779010 -0.974512883473 -0.224243393646 0.006288111923 -119.210967044896 -0.011547286678 0.078135842659 0.996875844959 -0.447794433256
-0.229761811335 0.969988609564 -0.079571397927 6.792944721104 -0.973171133327 -0.229994875618 0.006348420884 -121.193166897632 -0.012143117823 0.078895212182 0.996808953704 -0.458847755732
-0.235341422578 0.968694639338 -0.079026011771 6.330455157921 -0.971833139338 -0.235583722574 0.006376436530 -123.189724721181 -0.012440422148 0.078300736753 0.996852160815 -0.476265609687
-0.240503985052 0.967495609077 -0.078166998091 5.849857577894 -0.970573607654 -0.240702474807 0.007013611505 -125.179177898821 -0.012029351554 0.077553626853 0.996915608095 -0.490043284432
-0.245772247660 0.966289679130 -0.076682842199 5.357705892618 -0.969252836885 -0.245965630595 0.007060223533 -127.196460771986 -0.012039122505 0.076060269349 0.997030538628 -0.501433793001
-0.249854446860 0.965118365437 -0.078225929726 4.852649663389 -0.968192989112 -0.250118511852 0.006562458579 -129.200930954946 -0.013232203834 0.077377456186 0.996914057507 -0.518020445679
-0.253471054514 0.963923933604 -0.081259305619 4.347527285672 -0.967236262860 -0.253794994365 0.006489425548 -131.225135284049 -0.014367892410 0.080241828626 0.996671868072 -0.536246796339
-0.257407361989 0.962836002469 -0.081781919410 3.798071374930 -0.966197590778 -0.257705783083 0.007067173399 -133.261535781286 -0.014271144599 0.080836635965 0.996625191693 -0.553590520290
-0.260437541742 0.962009651279 -0.081912866498 3.260776862848 -0.965387864450 -0.260709128873 0.007551244619 -135.283884408020 -0.014091061866 0.081044314845 0.996610887462 -0.572592055075
-0.263649639439 0.961191772068 -0.081235736790 2.718181946770 -0.964512441620 -0.263932997808 0.007424461463 -137.327093005771 -0.014304460269 0.080310335426 0.996667262651 -0.594669023333
-0.268066262471 0.960050706089 -0.080269051713 2.157874966406 -0.963300041876 -0.268309390903 0.007943555621 -139.388856579211 -0.013910724190 0.079452580143 0.996741580983 -0.611345746931
-0.272428866649 0.959024145967 -0.077815166058 1.589236247002 -0.962082747351 -0.272635680309 0.008159232275 -141.432231674145 -0.013390289972 0.077087439148 0.996934414523 -0.626810578635
-0.276812146873 0.957797754788 -0.077449959756 1.015417866018 -0.960826885689 -0.277029834654 0.008134276142 -143.508170840073 -0.013664958120 0.076667670072 0.996963057132 -0.650948402855
-0.281318392007 0.956454402697 -0.077813481347 0.426491239854 -0.959516030245 -0.281524762501 0.008532045594 -145.557201873147 -0.013745909283 0.077063504068 0.996931425083 -0.665655705528
-0.285766202524 0.955210635242 -0.076878604406 -0.177465567886 -0.958206294942 -0.285935542571 0.009031158773 -147.619425001885 -0.013355666555 0.076246362635 0.996999557851 -0.686703938065
-0.290555301479 0.953813961729 -0.076266265100 -0.799430365975 -0.956761741589 -0.290733419990 0.009002684772 -149.718795761408 -0.013586265654 0.075584422409 0.997046843671 -0.701322608246
-0.294625995788 0.952532693816 -0.076661527621 -1.423117536328 -0.955503221883 -0.294856753512 0.008549144965 -151.795461545786 -0.014460829070 0.075769136985 0.997020522509 -0.723962956162
-0.298702070246 0.951204856609 -0.077371790683 -2.061813715146 -0.954229548408 -0.298951049270 0.008616210628 -153.872084804870 -0.014934596614 0.076404128835 0.996965078085 -0.743739744933
-0.302794431509 0.949840556683 -0.078220516024 -2.720724220075 -0.952938686292 -0.303022896573 0.009218694110 -155.990798199676 -0.014946317792 0.077330725023 0.996893457974 -0.760692365691
-0.306358991014 0.948720694177 -0.077930822302 -3.376884392315 -0.951809522724 -0.306521195892 0.010168034272 -158.072803625559 -0.014240824316 0.077290367501 0.996906915421 -0.783073938511
-0.310042816593 0.947534665529 -0.077791448761 -4.052349345994 -0.950635044337 -0.310085150380 0.011841114445 -160.173672537307 -0.012902106672 0.077622529816 0.996899332184 -0.796997601222
-0.314006025202 0.946196456730 -0.078182359953 -4.742291933101 -0.949340791077 -0.313983439416 0.012902021912 -162.301421478571 -0.012340118862 0.078273016064 0.996855584537 -0.817959606348
-0.317417678917 0.945103157334 -0.077627566678 -5.424707696463 -0.948212391713 -0.317346623287 0.013578692534 -164.411535630903 -0.011801580973 0.077917537729 0.996889953807 -0.828952723723
-0.320869635893 0.943965410910 -0.077278585436 -6.133887455752 -0.947046572247 -0.320812870940 0.013486728083 -166.557641000621 -0.012060960039 0.077513900975 0.996918315811 -0.850674274194
-0.324914630848 0.942540571393 -0.077767306364 -6.841226616159 -0.945664540908 -0.324848840398 0.013849439058 -168.678565150978 -0.012208961090 0.078041669449 0.996875337792 -0.863737614527
-0.328675976175 0.941146414498 -0.078838627351 -7.567648870010 -0.944356575447 -0.328626554674 0.013973044548 -170.805780296676 -0.012757785706 0.079044380195 0.996789458644 -0.878951436239
-0.332266543978 0.939685571019 -0.081178638636 -8.311964415642 -0.943090735307 -0.332220534274 0.014470023695 -172.963079109448 -0.013371938221 0.081366726767 0.996594524891 -0.892625150511
-0.334957502316 0.938627181282 -0.082355851048 -9.053582045624 -0.942125863461 -0.334957041956 0.014235077837 -175.091543703385 -0.014224241270 0.082357723397 0.996501317790 -0.915588563558
-0.337744672661 0.937622750306 -0.082414283938 -9.811760540372 -0.941118968896 -0.337796139709 0.013742429996 -177.245145029429 -0.014954011962 0.082203078443 0.996503402614 -0.934712434764
-0.340745985351 0.936656945104 -0.081030492140 -10.587743906669 -0.940043995051 -0.340764579305 0.014028145270 -179.419013600809 -0.014472761871 0.080952261735 0.996612899015 -0.958106666454
-0.343608670601 0.935753874434 -0.079358477620 -11.363482663292 -0.939028482947 -0.343482025929 0.015671824329 -181.569796040958 -0.012593240333 0.079904845572 0.996722943426 -0.977171881030
-0.346962806978 0.934633509201 -0.077955205420 -12.151542688575 -0.937812463896 -0.346726942251 0.016976751129 -183.735172931608 -0.011162129525 0.078997664493 0.996812307242 -0.987067260056
-0.350287521709 0.933527969026 -0.076316336263 -12.946281705881 -0.936590289428 -0.349961486728 0.018044044890 -185.923579912618 -0.009863157921 0.077797743235 0.996920372579 -1.006662584303
-0.353375167947 0.932517566416 -0.074410879606 -13.752565905574 -0.935440618450 -0.352985363995 0.018766516990 -188.095638272578 -0.008765844670 0.076238580331 0.997051071328 -1.016442651692
-0.357381147998 0.930912336643 -0.075371987783 -14.582709928325 -0.933915976496 -0.356970445343 0.019314502241 -190.284047089751 -0.008925463633 0.077293742555 0.996968411466 -1.025032168439
-0.360739175449 0.929635882158 -0.075129048309 -15.406891633915 -0.932613789682 -0.360404820379 0.018435963281 -192.466157560563 -0.009938138173 0.076716960651 0.997003380816 -1.038186583904
-0.364228035213 0.928266264382 -0.075230849896 -16.246083916460 -0.931246034772 -0.363958123335 0.017756891049 -194.655976719550 -0.010897756024 0.076525988197 0.997008030080 -1.046218577544
-0.368051113354 0.926748218483 -0.075340012590 -17.107025747078 -0.929735151577 -0.367810263035 0.017554439005 -196.858419110119 -0.011442284774 0.076507188845 0.997003372198 -1.057462621998
-0.371431268916 0.925488642811 -0.074226575420 -17.962331290309 -0.928394120654 -0.371171559473 0.017777237523 -199.050343772566 -0.011098162325 0.075514538107 0.997082938038 -1.073872836451
-0.375061152344 0.924110706434 -0.073133673893 -18.831663667067 -0.926940277885 -0.374764057769 0.018265328888 -201.236954695965 -0.010528686406 0.074641163301 0.997154874382 -1.086240648610
-0.378568351511 0.922687755191 -0.073029512224 -19.719775869907 -0.925514267351 -0.378255439645 0.018605464490 -203.438232946869 -0.010456775989 0.074633295522 0.997156219975 -1.092788772363
-0.381289765709 0.921514702762 -0.073680168020 -20.612582031202 -0.924396748509 -0.380951756499 0.019141853794 -205.616754398366 -0.010429089717 0.075408300695 0.997098200918 -1.096147657023
-0.383829725276 0.920368179313 -0.074814146401 -21.516419048436 -0.923336376602 -0.383519609970 0.019043224823 -207.819843700734 -0.011165914090 0.076387978608 0.997015646360 -1.106422316074
-0.386210468893 0.919223866356 -0.076609119815 -22.421057202148 -0.922330626728 -0.385936974785 0.018943771888 -210.008203491771 -0.012152724704 0.077975220515 0.996881224754 -1.122649705410
-0.388770357676 0.918072059573 -0.077468073572 -23.339297201869 -0.921252058595 -0.388484987043 0.019340614696 -212.206718711883 -0.012339105591 0.078886679946 0.996807222185 -1.134272444353
-0.391710524139 0.916860271675 -0.077007191235 -24.271005626802 -0.920012836582 -0.391377462600 0.020001557265 -214.408955688258 -0.011800245880 0.078682424925 0.996829890305 -1.141539715295
-0.394326195783 0.915785473203 -0.076444871568 -25.200273932560 -0.918898779591 -0.393968354113 0.020346223822 -216.605270015022 -0.011484084022 0.078268148228 0.996866196030 -1.157448615365
-0.397043675412 0.914677674896 -0.075637760819 -26.145254649698 -0.917740790287 -0.396601518259 0.021426095269 -218.811102362470 -0.010400079776 0.077922954004 0.996905136701 -1.165058802926
-0.400148124138 0.913402456795 -0.074682197807 -27.095652524458 -0.916401217870 -0.399640745958 0.022272899626 -221.011304881057 -0.009501928003 0.077351316028 0.996958618636 -1.166604592060
-0.402727380195 0.912433440335 -0.072635213221 -28.045559941742 -0.915278830261 -0.402191714878 0.022505274038 -223.206060490293 -0.008678716350 0.075544963046 0.997104627630 -1.176535847372
-0.405599284297 0.911137868947 -0.072917791715 -29.008152570481 -0.914013022476 -0.405016967278 0.023269098833 -225.403366685642 -0.008331585738 0.076085741031 0.997066469545 -1.175052667499
-0.408309472116 0.909769387261 -0.074853436679 -29.990418110647 -0.912792858964 -0.407776093145 0.022975083980 -227.602239292716 -0.009621413893 0.077706626881 0.996929841330 -1.174619359785
-0.410588482149 0.908665998190 -0.075783916890 -30.970114746448 -0.911755380890 -0.410133836837 0.022189215839 -229.793652051408 -0.010918962645 0.078207030460 0.996877342827 -1.183887906494
-0.413892291444 0.907233555845 -0.074969635403 -31.962322797643 -0.910254587019 -0.413484562406 0.021612576491 -231.991935653158 -0.011391132267 0.077186733320 0.996951578716 -1.195130506596
-0.416384606353 0.906216360561 -0.073455887734 -32.948468259149 -0.909121862728 -0.415971651884 0.021564404447 -234.185077838873 -0.011013550846 0.075759439542 0.997065298272 -1.196728834279
-0.419613116388 0.904842878854 -0.072001369033 -33.950939450950 -0.907634224400 -0.419236021152 0.021006505334 -236.379225760462 -0.011177980710 0.074165511905 0.997183297890 -1.210809331452
-0.423235519572 0.903214378498 -0.071242413257 -34.961800889702 -0.905942909733 -0.422913026468 0.020298185837 -238.579285422575 -0.011795731298 0.073132472392 0.997252476660 -1.219978369032
-0.426403318293 0.901769661064 -0.070651882734 -35.982776001940 -0.904456351735 -0.426082282385 0.020312470147 -240.758148126990 -0.011786346131 0.072562848774 0.997294196826 -1.225264779019
-0.429966454581 0.900121590487 -0.070071180053 -37.007758764977 -0.902762849880 -0.429676684600 0.019929465332 -242.932996950301 -0.012169010299 0.071826659749 0.997342892960 -1.238121434542
-0.433695122960 0.898385355593 -0.069370693941 -38.034897450528 -0.900970579956 -0.433447801121 0.019365375208 -245.115051845526 -0.012671005258 0.070899623134 0.997402972256 -1.241925077803
-0.437711959057 0.896502012879 -0.068500962051 -39.073364753273 -0.899025146475 -0.437474625564 0.019228572334 -247.278890759337 -0.012728978922 0.070000663508 0.997465728837 -1.258311357087
-0.441427301218 0.894698974384 -0.068232565364 -40.136082371616 -0.897210849597 -0.441160736396 0.019745785043 -249.434468587581 -0.012434995156 0.069935326543 0.997474020211 -1.267518650326
-0.445096544863 0.892845273480 -0.068675930098 -41.195062922119 -0.895393851637 -0.444821328859 0.020095667265 -251.603057820830 -0.012606196952 0.070436517632 0.997436604894 -1.270770811481
-0.448506753173 0.891162124281 -0.068350278752 -42.247364808251 -0.893688123723 -0.448240817159 0.020042638256 -253.751564775616 -0.012776144717 0.070073090983 0.997460040326 -1.283664084645
-0.452360796213 0.889316029401 -0.066982907520 -43.339650947020 -0.891748526030 -0.452085381056 0.020084186780 -255.913525333579 -0.012420804030 0.068817207773 0.997551961324 -1.292904264681
-0.455852367843 0.887520597647 -0.067125311797 -44.425395585913 -0.889968152202 -0.455565539102 0.020413908227 -258.062388481254 -0.012462214827 0.069045118108 0.997535696036 -1.312271422727
-0.459160156728 0.885767916828 -0.067728487303 -45.533768001625 -0.888267152240 -0.458842256456 0.021100946468 -260.211208075695 -0.012386150544 0.069849704430 0.997480627414 -1.330383228481
-0.463275173615 0.883545996561 -0.068721070075 -46.621819843687 -0.886131209092 -0.462899831301 0.022253684077 -262.368124706754 -0.012148818270 0.071205464270 0.997387681934 -1.335868325771
-0.466532957301 0.881726163484 -0.070042646867 -47.732951070898 -0.884428567509 -0.466061234477 0.023938143011 -264.504811608727 -0.011537275467 0.073115650484 0.997256733710 -1.344253331024
-0.469332783960 0.880174940486 -0.070843574448 -48.872653449902 -0.882948680877 -0.468810767920 0.024861432390 -266.653098485192 -0.011329820765 0.074219525884 0.997177565501 -1.364212306547
-0.472707193682 0.878279487868 -0.071923919743 -50.005989223035 -0.881158625372 -0.472057289339 0.026858751168 -268.801535254121 -0.010362720372 0.076072707143 0.997048422723 -1.374248488366
-0.475066985240 0.876928399214 -0.072855625640 -51.174533043052 -0.879903080677 -0.474262489814 0.029080223006 -270.946246810190 -0.009051417003 0.077920943319 0.996918451250 -1.383517180767
-0.478224483014 0.875147658288 -0.073606521719 -52.322221412803 -0.878191771926 -0.477373544793 0.029894990436 -273.123714227459 -0.008975275319 0.078937158080 0.996839189392 -1.397077630329
-0.481416200474 0.873419880030 -0.073322268714 -53.491398850923 -0.876450210816 -0.480523898639 0.030525576118 -275.279043700860 -0.008571457389 0.078958824744 0.996841027503 -1.405543403339
-0.484519568320 0.871789360483 -0.072277927919 -54.686104777932 -0.874742421945 -0.483612045017 0.030742237481 -277.451377403091 -0.008153720977 0.078119785355 0.996910635900 -1.427961680381
-0.488309353442 0.869657225618 -0.072458852267 -55.893141004595 -0.872636624139 -0.487336923227 0.031749731821 -279.625624571061 -0.007700490434 0.078733939249 0.996865923411 -1.440667890486
-0.491348753407 0.868026849980 -0.071454812574 -57.104005562283 -0.870932983091 -0.490355738048 0.032046671070 -281.802912413248 -0.007220906415 0.077978444952 0.996928894472 -1.451019320379
-0.493711889139 0.866813450074 -0.069878561035 -58.341962411573 -0.869599616252 -0.492721104464 0.031975312837 -283.981945205868 -0.006714010534 0.076552961967 0.997042910850 -1.467363197032
-0.496798583808 0.864957870415 -0.070986262992 -59.579770110747 -0.867835350158 -0.495802476354 0.032275524124 -286.180615172644 -0.007278196366 0.077638823077 0.996954984445 -1.474180768059
-0.498721335533 0.863706686542 -0.072717185776 -60.818097793919 -0.866722676336 -0.497743399171 0.032300323629 -288.369997484688 -0.008296493730 0.079134494410 0.996829423716 -1.484048503692
-0.500839278022 0.862390664609 -0.073772347025 -62.076381965214 -0.865491950482 -0.499889799534 0.032153879575 -290.562440219553 -0.009148838189 0.079953298350 0.996756624680 -1.494822821279
-0.503420227758 0.860891925456 -0.073710019465 -63.345360093511 -0.863988728117 -0.502498994258 0.031909848889 -292.786449156377 -0.009568279397 0.079748689363 0.996769077858 -1.509563458963
-0.504955326449 0.859994987701 -0.073679979779 -64.642156396158 -0.863085883448 -0.504080583280 0.031393046246 -294.989232765377 -0.010142784763 0.079444236356 0.996787709208 -1.535914231450
-0.507749551380 0.858243237952 -0.074892840665 -65.942945197179 -0.861431381461 -0.506918588406 0.031137112291 -297.220108640129 -0.011241356998 0.080324897992 0.996705343948 -1.553563503780
-0.509586422068 0.857105813034 -0.075440729766 -67.238560566296 -0.860338760840 -0.508777232023 0.031031351412 -299.452977940414 -0.011785373991 0.080717739302 0.996667322391 -1.571036847730
-0.511375870817 0.856116088921 -0.074565146254 -68.551855710705 -0.859289628693 -0.510494903736 0.031879260972 -301.695560674507 -0.010772778938 0.080375341678 0.996706452113 -1.595143995831
-0.514679220735 0.854338411641 -0.072188490347 -69.870055508471 -0.857339509990 -0.513672052939 0.033316462001 -303.921251960084 -0.008617676808 0.079037335641 0.996834407121 -1.604126852583
-0.517834822035 0.852559568699 -0.070634827866 -71.195787886306 -0.855438839017 -0.516857515999 0.032904420031 -306.169778338261 -0.008455163524 0.077462829635 0.996959387455 -1.619773144869
-0.521734176348 0.850285404256 -0.069341045128 -72.560793223782 -0.853050695497 -0.520915889619 0.030840668842 -308.425824846025 -0.009897481636 0.075242057730 0.997116178089 -1.641127980091
-0.526806070906 0.847262717783 -0.067979781638 -73.936211452013 -0.849908421451 -0.526148011308 0.028704448146 -310.691722358712 -0.011447218169 0.072898266448 0.997273685577 -1.661473357481
-0.530939159760 0.844708771867 -0.067606947601 -75.324164311854 -0.847315093420 -0.530381147185 0.027440320235 -312.951282386493 -0.012678371220 0.071853527691 0.997334612586 -1.687444604654
-0.535322743241 0.841927911666 -0.067727041327 -76.727885375245 -0.844542094295 -0.534799704577 0.027164810843 -315.199081043758 -0.013349589230 0.071740278382 0.997334006702 -1.710919667373
-0.539935989720 0.838819981509 -0.069643130499 -78.154460261037 -0.841595375914 -0.539355755406 0.028506005497 -317.477389097859 -0.013651016255 0.074002754884 0.997164601269 -1.737710696451
-0.543764966635 0.836294982122 -0.070216550318 -79.586166877844 -0.839127668899 -0.543141300728 0.029364651066 -319.731172355948 -0.013579998134 0.074888118693 0.997099470128 -1.761320622656
-0.547945748649 0.833509414484 -0.070834401984 -81.038782756380 -0.836386486280 -0.547372301857 0.029003598554 -321.987850046975 -0.014598017216 0.075137335106 0.997066336192 -1.784413861951
-0.551569004449 0.830967256042 -0.072560683002 -82.502681960597 -0.833964890566 -0.551096727100 0.028195011651 -324.237256439602 -0.016558823453 0.076064556566 0.996965389871 -1.817451442656
-0.555379951349 0.828475417839 -0.071983273581 -83.978118122685 -0.831404511923 -0.555028488174 0.026644227685 -326.479338776890 -0.017878679845 0.074644888314 0.997049895169 -1.844474128152
-0.559573022328 0.825708053296 -0.071303880715 -85.471121360409 -0.828579041198 -0.559261777676 0.026134967339 -328.732009990043 -0.018297682079 0.073705323779 0.997112190316 -1.868657795508
-0.563356083822 0.823151442052 -0.071074793485 -86.963717796157 -0.825994868520 -0.563100817222 0.025494054655 -330.958999457852 -0.019036806443 0.073069645491 0.997145138337 -1.902315822596
-0.567523857119 0.820082977635 -0.073352446407 -88.479651575592 -0.823108380822 -0.567285489609 0.026072335919 -333.199350695894 -0.020230299599 0.075173686036 0.996965221011 -1.934792351442
-0.571986472369 0.816963593721 -0.073498040533 -90.007439624524 -0.819981329454 -0.571838229454 0.025132820791 -335.435775389289 -0.021496389773 0.074642654493 0.996978625326 -1.964530817820
-0.575172489975 0.814810032715 -0.072534249593 -91.538153160726 -0.817729427849 -0.575107006061 0.023885443472 -337.654399304637 -0.022252856144 0.073051640415 0.997079870535 -2.003371200356
-0.578705764223 0.812257764984 -0.073054511689 -93.084990261370 -0.815203834507 -0.578702173660 0.023377390908 -339.870128421223 -0.023288337420 0.073082948928 0.997053928289 -2.050716736447
-0.581862574959 0.809897249868 -0.074178086507 -94.652110722506 -0.812911649013 -0.581940972343 0.022789374898 -342.098011599045 -0.024710215732 0.073560514983 0.996984581563 -2.094235751212
-0.584356553481 0.808338351880 -0.071529904822 -96.219605232133 -0.811120016323 -0.584498138012 0.021124530288 -344.301226978369 -0.024733328184 0.070363595280 0.997214734617 -2.129691514333
-0.587494897816 0.806385937460 -0.067760349076 -97.797642248818 -0.808890720534 -0.587604614806 0.020411244279 -346.526034244367 -0.023356953465 0.066802219460 0.997492815112 -2.178466891622
-0.590683400571 0.804446615519 -0.062918702063 -99.378591518255 -0.806597465335 -0.590808716166 0.018590046181 -348.719831609205 -0.022218217856 0.061730897301 0.997845502627 -2.216885885724
-0.593659443036 0.802359988208 -0.061537915277 -100.967902387604 -0.804369162237 -0.593911883180 0.016091173376 -350.917178126750 -0.023637185469 0.059051878382 0.997975029308 -2.256101362744
-0.596800650034 0.799710647044 -0.065512328031 -102.571524576105 -0.801984475056 -0.597101869235 0.017037004596 -353.147932637839 -0.025492859556 0.062707565423 0.997706307162 -2.313664994996
-0.599761227384 0.797601456298 -0.064174660405 -104.182333363452 -0.799789149969 -0.600041236930 0.016965540798 -355.315580665500 -0.024975702562 0.061501470667 0.997794459489 -2.355989461675
-0.602615294352 0.795829675773 -0.059244697409 -105.818507179139 -0.797643521286 -0.602975614050 0.013609622040 -357.470959319801 -0.024892166704 0.055457515450 0.998150712076 -2.384800450533
-0.605862610868 0.793105878011 -0.062558476772 -107.440834951500 -0.795088453579 -0.606355053547 0.012957624099 -359.691584888528 -0.027655880695 0.057590062522 0.997957181928 -2.455761978908
-0.608536023056 0.791140855071 -0.061482160670 -109.082372197079 -0.792985287184 -0.609153550300 0.010309532791 -361.858029491775 -0.029295783865 0.055028170920 0.998054937092 -2.506400489353
-0.611328801221 0.789118080410 -0.059747401351 -110.730997745430 -0.790827971592 -0.611972390098 0.008995171258 -364.027814394639 -0.029465507731 0.052748923480 0.998172998496 -2.565397061407
