1.000000000000 0.000000000000 0.000000000000 0.000000000000 0.000000000000 1.000000000000 0.000000000000 0.000000000000 0.000000000000 0.000000000000 1.000000000000 0.000000000000
0.999995211922 -0.001272134482 0.002820958696 1.517735135349 0.001278521768 0.999996620789 -0.002263579366 -0.011309565215 -0.002818069587 0.002267175185 0.999993459179 0.014250592527
0.999989480785 -0.002200004080 0.004024711348 3.043346668550 0.002210868326 0.999993919295 -0.002696930690 -0.013086568163 -0.004018753616 0.002705800428 0.999988264063 0.032712121323
0.999986055231 -0.003835681368 0.003629998828 4.569479503326 0.003841524168 0.999991334922 -0.001603986138 0.012024875058 -0.003623814995 0.001617908501 0.999992125137 0.042370257745
0.999979714034 -0.005190097185 0.003692480584 6.086932937708 0.005194151729 0.999985916992 -0.001089313165 0.019377468925 -0.003686774941 0.001108470372 0.999992589464 0.049641099968
0.999969848762 -0.006596430464 0.004097398274 7.599301214024 0.006600142161 0.999977820085 -0.000893006480 0.039660328637 -0.004091416740 0.000920022966 0.999991206895 0.062424636586
0.999955724752 -0.008412128389 0.004217182876 9.096749785737 0.008418881358 0.999963302668 -0.001586112118 0.054885961264 -0.004203685538 0.001621545855 0.999989849757 0.072612123180
0.999946176539 -0.009615797488 0.003896211380 10.592650702244 0.009627006527 0.999949545128 -0.002868439009 0.073901861546 -0.003868432468 0.002905793472 0.999988295729 0.088421931024
0.999929168461 -0.011224632859 0.003957989123 12.096490332991 0.011241348693 0.999927881083 -0.004226666535 0.102308318550 -0.003910260897 0.004270860290 0.999983234665 0.094622598828
0.999911410185 -0.012718635367 0.003925314919 13.599190062949 0.012735599812 0.999909534530 -0.004327499620 0.128636275457 -0.003869919923 0.004377107488 0.999982932179 0.110689866329
0.999902447809 -0.013413292195 0.003895954118 15.078608786312 0.013426735294 0.999903922366 -0.003445114904 0.151963877716 -0.003849369471 0.003497088771 0.999986476271 0.117366473207
0.999886761497 -0.014354554425 0.004517847902 16.566862722976 0.014365103805 0.999894145191 -0.002311320946 0.184258308948 -0.004484191684 0.002375958571 0.999987123340 0.131502032016
0.999875830138 -0.014851009178 0.005269898660 18.051190775149 0.014854829614 0.999889425227 -0.000686552407 0.218665166179 -0.005259119947 0.000764750606 0.999985878307 0.139655482321
0.999862936129 -0.015397199032 0.006085656667 19.521798211198 0.015398852955 0.999881405316 -0.000225008403 0.241984650574 -0.006081470442 0.000318689695 0.999981456905 0.145493074651
0.999851969827 -0.015990598677 0.006351313794 20.997726940394 0.015990684079 0.999872140140 0.000037338091 0.282957234635 -0.006351098774 0.000064229290 0.999979829506 0.158249588804
0.999848258265 -0.016256349417 0.006260315343 22.462370470714 0.016253333516 0.999867764145 0.000532327364 0.314135394799 -0.006268141205 -0.000430495594 0.999980262345 0.165758832528
0.999842991244 -0.016281734889 0.006992708385 23.925606244019 0.016268903898 0.999865870317 0.001887893111 0.350259102572 -0.007022508631 -0.001773832995 0.999973768600 0.171707583716
0.999828114594 -0.016735851234 0.007978254787 25.365365933724 0.016721560113 0.999858464896 0.001854616484 0.383436912250 -0.008008164170 -0.001720888835 0.999966453361 0.177106420367
0.999837871549 -0.016581400726 0.007020524738 26.811023031666 0.016565362025 0.999860054824 0.002336567549 0.410130802641 -0.007058285813 -0.002219891189 0.999972625968 0.184464826710
0.999857136051 -0.016167909039 0.004930132439 28.255087626348 0.016153664684 0.999865270392 0.002915506985 0.448794622020 -0.004976605856 -0.002835450758 0.999983596672 0.192346052008
0.999867563495 -0.015476230771 0.005034059224 29.692383469376 0.015466904756 0.999878601050 0.001886270900 0.479153832539 -0.005062640458 -0.001808159774 0.999985550010 0.202783643800
0.999850862051 -0.015544021697 0.007525758848 31.097854304638 0.015543902561 0.999879183486 0.000074324423 0.499869034477 -0.007526004912 0.000042666324 0.999971678314 0.211439517117
0.999835313051 -0.015679424986 0.009137965222 32.516229207913 0.015697134085 0.999875044712 -0.001869476652 0.532741705898 -0.009107511066 0.002012608639 0.999956500378 0.218182294034
0.999846849218 -0.015335808586 0.008431552900 33.898214496919 0.015359431489 0.999878271357 -0.002744144834 0.558982596263 -0.008388442859 0.002873228426 0.999960688520 0.224953191018
0.999866558083 -0.014812767660 0.006888246710 35.289491955335 0.014827226177 0.999887963614 -0.002052701305 0.591211991717 -0.006857068789 0.002154560980 0.999974168903 0.230966381394
0.999879071408 -0.014332604071 0.006034817498 36.653391141995 0.014341418631 0.999896148429 -0.001419883275 0.628756823422 -0.006013840148 0.001506259414 0.999980782270 0.235418504872
0.999895684442 -0.013371010463 0.005462262578 38.005535123844 0.013374172201 0.999910414476 -0.000542715380 0.655562978741 -0.005454516585 0.000615712008 0.999984934460 0.248655351289
0.999905734525 -0.012192458032 0.006313955243 39.343324467763 0.012189984194 0.999925606864 0.000430142157 0.683491770869 -0.006318730019 -0.000353134595 0.999979974273 0.257986288860
0.999904946469 -0.010895320661 0.008449261201 40.668195651079 0.010895268271 0.999940643439 0.000052231247 0.708333721490 -0.008449328759 0.000039830685 0.999964302991 0.266015381013
0.999910960435 -0.009119712511 0.009741768189 41.965709757315 0.009124003329 0.999958296963 -0.000396102617 0.727475330572 -0.009737749586 0.000484951274 0.999952469398 0.280652046347
0.999923641837 -0.007020571710 0.010169664118 43.248014203165 0.007022442976 0.999975331345 -0.000148307149 0.749101808807 -0.010168372046 0.000219711712 0.999948276631 0.288769461746
0.999944886392 -0.003685735075 0.009830540994 44.513706781834 0.003689970472 0.999993106858 -0.000412737845 0.762370403377 -0.009828951989 0.000448989505 0.999951593884 0.295521580501
0.999967104543 -0.000131781215 0.008110022591 45.756649645010 0.000138841589 0.999999611896 -0.000870017208 0.776585039451 -0.008109904791 0.000871114598 0.999966734748 0.302352601175
0.999971419841 0.003720109768 0.006581814657 46.981465800055 -0.003717586757 0.999993011530 -0.000395523566 0.774349599902 -0.006583240052 0.000371043796 0.999978261402 0.314469663908
0.999947222669 0.007459331435 0.007064718770 48.208917479993 -0.007456850545 0.999972126070 -0.000377442113 0.787832182901 -0.007067337316 0.000324741642 0.999974973330 0.316950988204
0.999895585162 0.012630500110 0.007020629654 49.417827395683 -0.012629291331 0.999920223885 -0.000216483921 0.779926471046 -0.007022803875 0.000127795740 0.999975331642 0.330138569892
0.999794290430 0.019305208846 0.006219785867 50.614970984126 -0.019314291951 0.999812476420 0.001403609738 0.769075941093 -0.006191522531 -0.001523451761 0.999979671865 0.339322173641
0.999615934106 0.026965562871 0.006390829461 51.801219406177 -0.026987474789 0.999630099446 0.003367563627 0.752231098621 -0.006297657241 -0.003538742609 0.999973908067 0.345252297953
0.999357106160 0.035041436953 0.007581033051 52.977601733649 -0.035074037372 0.999375845417 0.004210878541 0.721694799507 -0.007428746079 -0.004474068829 0.999962397513 0.353903474142
0.998939475979 0.045295254112 0.008262159965 54.138136139975 -0.045347914339 0.998951378111 0.006301653311 0.681163264876 -0.007968061096 -0.006669641978 0.999946011482 0.362444244656
0.998287692410 0.057833681472 0.008772027680 55.286064024948 -0.057910757200 0.998282953947 0.008802730216 0.640006637401 -0.008247871409 -0.009295651998 0.999922778754 0.368471691025
0.997310371520 0.072640508460 0.009766237241 56.419029689266 -0.072750596259 0.997284626826 0.011433452690 0.574150473827 -0.008909186446 -0.012113200532 0.999886941994 0.372643766959
0.995966196681 0.089021358573 0.011248679337 57.542804267415 -0.089167640616 0.995928491982 0.013250310342 0.493044686016 -0.010023319623 -0.014199879392 0.999848936835 0.379101590403
0.994240675835 0.106394033385 0.012875875732 58.650135254698 -0.106566310639 0.994213584323 0.013526647146 0.394096134958 -0.011362216015 -0.014820877373 0.999825605613 0.383533285662
0.991982023235 0.125755789181 0.012535831288 59.740460538635 -0.125920182735 0.991950941620 0.013320548024 0.270381893544 -0.010759793622 -0.014792258346 0.999832693972 0.394689216489
0.989175988479 0.146259212196 0.011794348817 60.832774127297 -0.146407794997 0.989140125836 0.012906162261 0.124444247519 -0.009778618549 -0.014493250415 0.999847150474 0.396715791218
0.986038544204 0.166108625248 0.011658214417 61.884121279721 -0.166231342139 0.986031021559 0.010486439535 -0.051433831820 -0.009753473017 -0.012277994201 0.999877052753 0.399302124578
0.982108712366 0.187865082326 0.013007226370 62.936920778456 -0.187946667295 0.982164652802 0.005352105893 -0.249288718687 -0.011769764158 -0.007701014673 0.999901078619 0.408029237321
0.977419958877 0.210872467098 0.013528732703 63.972835420001 -0.210891435105 0.977509489452 -0.000025118836 -0.461875857393 -0.013229761469 -0.002828542203 0.999908482193 0.401438988526
0.971886187003 0.235157970266 0.011746000736 64.991114056717 -0.235112027759 0.971954530514 -0.005169624292 -0.706594586264 -0.012632256986 0.002262660391 0.999917649835 0.404360119799
0.965507752895 0.260215180302 0.009101595551 65.983533311758 -0.260111219847 0.965513718317 -0.011198796853 -0.968097651716 -0.011701812306 0.008445098063 0.999895868532 0.422660845519
0.958055676433 0.286452431589 0.008621211682 66.946058017426 -0.286307290504 0.958020858379 -0.014972318269 -1.248913756858 -0.012548157591 0.011875998750 0.999850741058 0.421176987991
0.949472745524 0.313683877718 0.010194624462 67.910473680485 -0.313485564961 0.949435135433 -0.017312543546 -1.573413358312 -0.015109800449 0.013241920645 0.999798152362 0.408494490573
0.939714407137 0.341800394264 0.010455787867 68.846685602543 -0.341519335456 0.939616123996 -0.022047290871 -1.902132205995 -0.017360199581 0.017147303146 0.999702252406 0.406691322210
0.928896908560 0.370238396274 0.008605997499 69.757081959544 -0.369929118536 0.928711980979 -0.025426435905 -2.262089062247 -0.017406335838 0.020434928640 0.999639651657 0.412790167163
0.916935974228 0.399015140193 0.003916256397 70.673446881876 -0.398811427002 0.916707582937 -0.024426483090 -2.651943821134 -0.013336598511 0.020835673267 0.999693958099 0.401607133587
0.903999381336 0.427528963209 -0.002025873570 71.534275101115 -0.427438272773 0.903687180541 -0.025416583061 -3.053028258617 -0.009035569431 0.023842511262 0.999674893724 0.412569877967
0.889952471535 0.456016404441 -0.005799766195 72.384508848590 -0.455997352347 0.889572195913 -0.026976339807 -3.480110346710 -0.007142342734 0.026652338313 0.999619247415 0.423121133148
0.874199908530 0.485549983510 -0.003966539912 73.233925870924 -0.485458297198 0.873804315203 -0.028218086657 -3.947882366507 -0.010235311820 0.026593838486 0.999593920623 0.433445069083
0.856385916591 0.516334555103 0.001337561367 74.065932405080 -0.516113207783 0.856089188346 -0.027174590129 -4.420466946419 -0.015176251730 0.022581603188 0.999629807769 0.428308367603
0.836409544667 0.548096635252 0.003025229847 74.880531399434 -0.547832382236 0.836154875203 -0.026920357514 -4.962845955971 -0.017284518059 0.020859125097 0.999633003824 0.405951391024
0.815426470297 0.578858982879 0.001396237495 75.647770071610 -0.578696796428 0.815250648399 -0.021826545503 -5.471236429254 -0.013772775453 0.016989944793 0.999760797607 0.419234550667
0.793530803090 0.608527747912 -0.001686584877 76.392587729509 -0.608484120532 0.793433752426 -0.014489843739 -6.030862246566 -0.007479278610 0.012524397455 0.999893594269 0.429054979812
0.771251505523 0.636525481577 -0.002535060567 77.103695973590 -0.636507375662 0.771183365568 -0.011600749878 -6.641972827794 -0.005429176363 0.010560680557 0.999929495549 0.429058220105
0.747822685589 0.663896086606 -0.001793629437 77.791570376856 -0.663847846156 0.747729512901 -0.014374028302 -7.251503437833 -0.008201711475 0.011939921487 0.999895079597 0.435451533217
0.723339025512 0.690487824662 -0.002686664309 78.476020408009 -0.690447059391 0.723240462484 -0.014355890871 -7.872006744704 -0.007969463522 0.012239175586 0.999893339428 0.415042381566
0.697949271856 0.716129976339 -0.004966981443 79.109808612020 -0.716122612414 0.697851047356 -0.013127059575 -8.527719043202 -0.005934467661 0.012718989399 0.999901499850 0.444077385227
0.671716652503 0.740782300041 -0.006190532733 79.712003750563 -0.740799884714 0.671646178167 -0.010341284244 -9.193983934439 -0.003502792678 0.011532358770 0.999927364934 0.462572198243
0.644724056916 0.764393778868 -0.005748153007 80.318535732893 -0.764411530715 0.644678673845 -0.008026157245 -9.891443832566 -0.002429433009 0.009568611100 0.999951268581 0.451780552152
0.616660830115 0.787194196593 -0.007397124585 80.889533738211 -0.787228491763 0.616623102219 -0.006873977466 -10.582529154943 -0.000849917260 0.010062139881 0.999949014191 0.444574122071
0.587849633256 0.808908459042 -0.009995677635 81.438331504111 -0.808952374657 0.587873853698 -0.000622634943 -11.303844184059 0.005372542858 0.008452042883 0.999949848120 0.460945420339
0.557951633846 0.829760984210 -0.013663212349 81.966466523790 -0.829740325351 0.558081414061 0.008725122685 -12.064823394540 0.014864951254 0.006468721803 0.999868585796 0.484335898809
0.527243466793 0.849561701553 -0.016100993082 82.455326184689 -0.849404900436 0.527468152952 0.016990077555 -12.821818874042 0.022926880278 0.004718355035 0.999726010108 0.516908863226
0.495589355192 0.868427745870 -0.014981362552 82.928921294404 -0.868151545768 0.495811284731 0.022001443442 -13.617390229899 0.026534592547 0.002102411888 0.999645684862 0.548529088127
0.462935926031 0.886322595198 -0.011071839571 83.370022732538 -0.886054679606 0.463068223627 0.021792774379 -14.443559838136 0.024442445425 -0.000278402923 0.999701200036 0.574130523964
0.429703699755 0.902955226561 -0.005156475827 83.790601288385 -0.902726228609 0.429713384323 0.020778919954 -15.255214307593 0.020978241054 -0.004273892804 0.999770797354 0.593166833588
0.395467179064 0.918480023169 0.000396638707 84.169790923204 -0.918265983206 0.395365622526 0.021762550660 -16.125936209248 0.019831650724 -0.008970594351 0.999763088970 0.625230768516
0.360464010311 0.932740729812 0.007773559048 84.530759718443 -0.932572248983 0.360200924007 0.023754889410 -16.974419794261 0.019357109732 -0.015812188146 0.999687589704 0.658101024393
0.325172484080 0.945552982984 0.013871264049 84.857594102912 -0.945444214344 0.324755634421 0.025865333451 -17.838070364203 0.019952272044 -0.021525201071 0.999569193483 0.665598790696
0.289302359413 0.957072869075 0.017767051510 85.141895103779 -0.957054850640 0.288834415973 0.024913711404 -18.738622474581 0.018712501306 -0.024211638320 0.999531709784 0.692200840344
0.252720223554 0.967345128986 0.019387883708 85.406462836706 -0.967358529480 0.252234806698 0.024394215127 -19.667077661155 0.018707326079 -0.024919946175 0.999514398212 0.715617801165
0.216472490832 0.976087301436 0.019830297235 85.629230406769 -0.976111577317 0.216001645953 0.023440937932 -20.602613598818 0.018597025006 -0.024430900934 0.999528529728 0.751837276456
0.180689679496 0.983362393168 0.018698754664 85.808669141135 -0.983360681260 0.180260875627 0.022534135608 -21.534501603299 0.018788567629 -0.022459305865 0.999571192715 0.762446394085
0.145051293048 0.989345596400 0.012466485826 85.950156581055 -0.989245901625 0.144774505798 0.020805974842 -22.481688876721 0.018779470264 -0.015350353565 0.999705805795 0.803324971927
0.110994769025 0.993765871975 0.010466754364 86.045211545832 -0.993571603998 0.110724836909 0.023568585433 -23.455999551086 0.022262726184 -0.013015459620 0.999667429115 0.846768668817
0.077651992755 0.996927574094 0.010275214393 86.120273745429 -0.996569223777 0.077319821763 0.029519948868 -24.410145273738 0.028634773267 -0.012532245287 0.999511376918 0.836227993213
0.048113434576 0.998826944334 0.005461930613 86.158507803726 -0.998353165062 0.047918137726 0.031540606957 -25.395923106841 0.031241882525 -0.006970462644 0.999487547409 0.910418109104
0.023227073785 0.999725450838 0.003086420343 86.190807495838 -0.999279024657 0.023123738409 0.030111851511 -26.381215342648 0.030032214750 -0.003783605308 0.999541770216 0.933649401178
0.000924719576 0.999997516056 0.002027998058 86.210667032319 -0.999637954919 0.000869849163 0.026892423608 -27.349666942509 0.026890592756 -0.002052131783 0.999636276241 0.947556970024
-0.019048470970 0.999818435217 0.000502348784 86.209439038533 -0.999511255818 -0.019055070142 0.024782126524 -28.320593591609 0.024787199253 -0.000030041647 0.999692749723 0.972391149341
-0.035471617252 0.999370616405 -0.000368015597 86.172539413317 -0.999004183695 -0.035448634148 0.027093085728 -29.304887169694 0.027062988133 0.001328684688 0.999632847235 1.025358439394
-0.050499759445 0.998721323459 -0.002343579523 86.119319889590 -0.998206943547 -0.050397968209 0.032294622699 -30.291869535816 0.032135216675 0.003970248030 0.999475645016 1.045133076547
-0.062378717752 0.998035979194 -0.005751504623 86.068952655547 -0.997413451152 -0.062131542060 0.036139714182 -31.264071016307 0.035711385179 0.007990977105 0.999330196308 1.084689988361
-0.072291067551 0.997325616806 -0.010752470215 86.000986122013 -0.996618511086 -0.071809238420 0.039937158613 -32.245583665005 0.039058224649 0.013603210687 0.999144337794 1.119767597981
-0.078286858208 0.996840121711 -0.013451378355 85.918088749338 -0.995978780664 -0.077615423013 0.044744994980 -33.222301222164 0.043559571821 0.016900232489 0.998907876556 1.166416969954
-0.082410864282 0.996494557778 -0.014389085062 85.834951710111 -0.995422732062 -0.081603947283 0.049743143043 -34.215679709557 0.048394565190 0.018422597773 0.998658387013 1.208685867475
-0.085228177308 0.996238696440 -0.015640252829 85.753592783007 -0.995026303601 -0.084291111965 0.053081669003 -35.191071190910 0.051563678429 0.020086516857 0.998467685459 1.261374585755
-0.088013869174 0.995987829391 -0.016180313314 85.672002132941 -0.994610980691 -0.086975477802 0.056429277402 -36.182246150361 0.054795583032 0.021059676332 0.998275480072 1.316856763380
-0.090622000520 0.995745742375 -0.016675417951 85.580580343041 -0.994211581802 -0.089486623638 0.059459858726 -37.178741707314 0.057714674318 0.021967265006 0.998091406453 1.373482528096
-0.092767371831 0.995546809453 -0.016756041066 85.486428628002 -0.993807814873 -0.091545448986 0.062971881550 -38.188716582653 0.061157516458 0.022494020509 0.997874630012 1.439639259633
-0.095191441773 0.995292761547 -0.018190883060 85.360884359551 -0.993506775226 -0.093845007534 0.064322640967 -39.182440451881 0.062312735399 0.024195730499 0.997763343500 1.514156327588
-0.097761866321 0.995039005390 -0.018438959998 85.269599594387 -0.993308892089 -0.096413775478 0.063575378837 -40.211886880403 0.061482211976 0.024530830615 0.997806682660 1.567767576691
-0.099730974787 0.994835868831 -0.018850112872 85.186715256636 -0.993163916532 -0.098372769167 0.062834967846 -41.221052388584 0.060656142028 0.024987844520 0.997845899957 1.640615867636
-0.101148078131 0.994707783825 -0.018041371613 85.079518253276 -0.992952406144 -0.099810580910 0.063901229020 -42.220876831200 0.061762330121 0.024377709858 0.997793135795 1.711005241111
-0.103901323462 0.994454366092 -0.016279703468 84.971654747058 -0.992529104202 -0.102619824004 0.065993552952 -43.249912036025 0.063956956562 0.023014896991 0.997687236674 1.770199548981
-0.106356331532 0.994221828546 -0.014535693513 84.851703808165 -0.992103346355 -0.105129673175 0.068401037780 -44.270911659879 0.066477672147 0.021695793627 0.997552009493 1.844108943179
-0.109071455023 0.993964194393 -0.011772763701 84.744681665248 -0.991556844623 -0.107956442019 0.071836136494 -45.304613594687 0.070131601856 0.019508636357 0.997346966471 1.912827273048
-0.111023848521 0.993788321725 -0.007647003544 84.639570034753 -0.991030910730 -0.110133408113 0.075685972245 -46.338633539914 0.074373644773 0.015981364804 0.997102380371 1.985104514906
-0.112908639528 0.993595830810 -0.004354780981 84.520811977930 -0.990618835161 -0.112228621059 0.077968327142 -47.378412818027 0.076980273718 0.013117225806 0.996946325459 2.069266080183
-0.115323473427 0.993325874826 -0.002050092307 84.396785574737 -0.990456874600 -0.114833092203 0.076213781516 -48.412253580613 0.075469702759 0.010819766026 0.997089392496 2.154501130576
-0.118326724906 0.992974711589 -0.000091204071 84.286196314579 -0.990350066701 -0.118007287272 0.072670664891 -49.473528289435 0.072149369766 0.008689205731 0.997355987672 2.221954558144
-0.120552433520 0.992706945194 -0.000178149879 84.159665806497 -0.990234116636 -0.120239475153 0.070561057697 -50.517644467720 0.070025031388 0.008682717305 0.997507446287 2.306980250698
-0.122840771309 0.992426371548 -0.000204842883 84.037035517402 -0.989924358362 -0.122516423926 0.070989369550 -51.565958907102 0.070426625823 0.008923167870 0.997477051090 2.383014793001
-0.124155043787 0.992262642678 -0.000610776484 83.890837412694 -0.989567708794 -0.123772461366 0.073730099138 -52.624990627929 0.073084025707 0.009758368373 0.997278045198 2.461680169963
-0.124857160015 0.992174684255 -0.000292431439 83.761111526794 -0.989315705488 -0.124475010840 0.075897342185 -53.678780223403 0.075267021111 0.009765633612 0.997115594067 2.544915826413
-0.125559246801 0.992085687345 0.000929789834 83.628596804923 -0.989152021230 -0.125259875894 0.076734883767 -54.750676788293 0.076244045264 0.008715070716 0.997051098542 2.635226026826
-0.125214676693 0.992123495895 0.003500519135 83.491867790416 -0.989266442816 -0.125120398127 0.075477089832 -55.813719082987 0.075320580572 0.005987893288 0.997141391817 2.715857141105
-0.125391339114 0.992083933436 0.006817704507 83.369165375066 -0.989250071368 -0.125548427282 0.074979255161 -56.884612746298 0.075241666464 0.002657334540 0.997161787375 2.801301600641
-0.124812575025 0.992122554527 0.010707843600 83.249460205230 -0.989235779192 -0.125265755867 0.075637712632 -57.967483736662 0.076383206797 -0.001152044324 0.997077869834 2.887108307951
-0.125078231737 0.992037690866 0.014719233895 83.128495465874 -0.989154512984 -0.125838638130 0.075749498987 -59.045246768783 0.076998606406 -0.005084983247 0.997018233312 2.977123173515
-0.125321111021 0.991964267287 0.017364088166 83.003442873089 -0.989163738812 -0.126278278091 0.074892551703 -60.138002338100 0.076483442328 -0.007790308585 0.997040417507 3.071825670610
-0.125618280343 0.991944470592 0.016316093496 82.873052460843 -0.989496468239 -0.126460206006 0.070032532710 -61.236823387850 0.071531720128 -0.007347350563 0.997411263950 3.154831446094
-0.126402183122 0.991913393558 0.011415243485 82.745448780612 -0.989984794338 -0.126869035834 0.061922166661 -62.328907856001 0.062869667403 -0.003473820424 0.998015700023 3.225075254921
-0.126892846021 0.991905920796 0.004566170921 82.608873940356 -0.990285555137 -0.126946738559 0.056736627101 -63.428232918724 0.056857056853 0.002677658980 0.998378738370 3.279622826527
-0.126399603168 0.991971726182 -0.003903174851 82.476735436124 -0.990290263840 -0.125953869822 0.058828700652 -64.531678530923 0.057864787757 0.011301200469 0.998260461606 3.351057362019
-0.126033669363 0.991986146131 -0.008888198351 82.325940284505 -0.990053950559 -0.125213427618 0.064146492702 -65.634130372715 0.062519510301 0.016884413742 0.997900910614 3.426964128664
-0.125199021932 0.992062668640 -0.011698991320 82.186643939326 -0.989827207213 -0.124096306115 0.069585966033 -66.741453360459 0.067581837554 0.020292074792 0.997507356831 3.490527828849
-0.125163334361 0.992061615906 -0.012161002319 82.044051190615 -0.989610842842 -0.123961381208 0.072828261663 -67.849765769527 0.070742628304 0.021150087820 0.997270351673 3.601199736617
-0.125044794434 0.992095413330 -0.010511433494 81.906469243012 -0.989720491464 -0.123990312770 0.071272372725 -68.984981952446 0.069405678151 0.019315620319 0.997401503233 3.662214795169
-0.123972535765 0.992236956635 -0.009830171066 81.770852337226 -0.990170205592 -0.123055637154 0.066485142118 -70.118402334286 0.064759357112 0.017975874165 0.997738990726 3.732334719716
-0.123098359687 0.992362434586 -0.007974475858 81.631123699556 -0.990419479925 -0.122342703756 0.064043084100 -71.252090549689 0.062578331917 0.015781674834 0.997915272513 3.808403876677
-0.123118870759 0.992369414601 -0.006684955423 81.503772384472 -0.990364021669 -0.122434076668 0.064722495738 -72.395845297105 0.063410158863 0.014589099926 0.997880909687 3.874977108312
-0.122986281300 0.992393074966 -0.005509933999 81.359695694501 -0.990084718174 -0.122316712291 0.069071504492 -73.518644346229 0.067872125723 0.013950148931 0.997596495530 3.960714462292
-0.122720483732 0.992417769243 -0.006830385238 81.228842835019 -0.989911293033 -0.121913622737 0.072199034044 -74.668544546035 0.070818887298 0.015621775865 0.997366855936 4.041213523998
-0.122354258840 0.992470374336 -0.005656094954 81.082697187041 -0.990058606100 -0.121654589901 0.070598280730 -75.813786623108 0.069378612191 0.014237865800 0.997488792592 4.131046090446
-0.121006566009 0.992613196233 -0.008743777613 80.934787446041 -0.990680164826 -0.120206656345 0.064055997292 -76.989677829163 0.062531767939 0.016413483311 0.997907999549 4.204835967834
-0.121442856968 0.992560277457 -0.008702189690 80.795598038209 -0.990725322994 -0.120670684766 0.062465352124 -78.150402409773 0.060950528046 0.016207450514 0.998009194186 4.278807394873
-0.121268453145 0.992603034160 -0.005760108400 80.670408266858 -0.990542328817 -0.120637379987 0.065364496250 -79.299540618257 0.064186112918 0.013632282540 0.997844829510 4.355943992783
-0.121033351449 0.992638697590 -0.004398168128 80.534879971690 -0.990379181615 -0.120456051405 0.068113260846 -80.456121943210 0.067082072567 0.012599830390 0.997667900563 4.437262739751
-0.120946231589 0.992651773458 -0.003803382082 80.400370117354 -0.990418305807 -0.120415032730 0.067615082740 -81.643793060187 0.066660247415 0.011944728694 0.997704232160 4.521040927276
-0.120227412429 0.992740033947 -0.003548844785 80.256218456540 -0.990724800633 -0.119753803394 0.064213674424 -82.815697714470 0.063322497667 0.011236172459 0.997929862123 4.592579795247
-0.119255960714 0.992851228457 -0.004945097176 80.116141631850 -0.990937025940 -0.118712963323 0.062857322243 -83.985255963211 0.061820922466 0.012396390240 0.998010272018 4.673598049540
-0.118620575412 0.992916929875 -0.006717846104 79.974747510538 -0.991011764414 -0.117966155537 0.063084617292 -85.179904626638 0.061845306045 0.014140598124 0.997985571842 4.753428509355
-0.118055393654 0.992965539865 -0.009075277932 79.837821456371 -0.991081635656 -0.117252726694 0.063316581928 -86.362635878139 0.061807082873 0.016469205300 0.997952228207 4.824139377057
-0.116782160563 0.993115225662 -0.009169271093 79.695718028903 -0.991249748931 -0.115980880209 0.063026745672 -87.563188473598 0.061529360617 0.016449437202 0.997969715872 4.892624865696
-0.115871426968 0.993217758135 -0.009607150337 79.559977487491 -0.991359987808 -0.115045236768 0.063007682628 -88.756802593082 0.061475092400 0.016824934537 0.997966800346 4.977992234150
-0.114420063479 0.993365879507 -0.011501239302 79.418296971025 -0.991643819281 -0.113511986749 0.061298976718 -89.965251606503 0.059586783396 0.018418965675 0.998053183426 5.050631935932
-0.113664068944 0.993469466838 -0.009944741923 79.279499444758 -0.991763960762 -0.112862833777 0.060549375587 -91.166128230432 0.059031564126 0.016745125039 0.998115662248 5.131171828715
-0.112323479439 0.993607954640 -0.011254707557 79.139545142757 -0.991958474587 -0.111457806462 0.059962839091 -92.375436041303 0.058325128887 0.017899437264 0.998137159656 5.206631071475
-0.110567494582 0.993819122602 -0.009918704179 79.016811203561 -0.992118487081 -0.109775298389 0.060417641928 -93.606649682052 0.058955379179 0.016520757080 0.998123904057 5.279121037872
-0.109715221352 0.993919186226 -0.009339242853 78.876728041122 -0.992070668260 -0.108921979356 0.062703999793 -94.830823217044 0.061305459629 0.016144772114 0.997988470351 5.364470797013
-0.108540287138 0.994065712653 -0.007236366243 78.752971080569 -0.992241311049 -0.107891360250 0.061778920602 -96.060910401352 0.060631565338 0.013885723308 0.998063625212 5.436662223916
-0.107466304436 0.994194575240 -0.005304712456 78.625685418059 -0.992430295427 -0.106953546982 0.060357663186 -97.297874264717 0.059439903501 0.011750972357 0.998162718459 5.512567643067
-0.107617368383 0.994190001034 -0.002178041840 78.501844683432 -0.992353554614 -0.107284882287 0.061027671401 -98.523836552675 0.060439429729 0.008729024957 0.998133698187 5.595842265928
-0.108096188455 0.994139658078 0.001246707139 78.375436351702 -0.992311409905 -0.107973262972 0.060496613576 -99.774606643547 0.060276693773 0.005302331623 0.998167623932 5.674241966169
-0.108558462598 0.994086764360 0.002562249457 78.250373784687 -0.992397378735 -0.108523603850 0.058052304756 -101.030118092523 0.057987092343 0.003759299309 0.998310254776 5.749546608805
-0.109643820993 0.993960261812 0.004607651856 78.124326857475 -0.992358478121 -0.109728714377 0.056429248989 -102.284585420490 0.056594022813 0.001614676091 0.998395968243 5.826635924836
-0.111083453161 0.993791408248 0.006253265246 77.997562535393 -0.992234117554 -0.111259319444 0.055613126111 -103.531254168021 0.055963580950 -0.000027005034 0.998432810397 5.899638768444
-0.113179907261 0.993551369540 0.006781200304 77.850868862524 -0.991998676402 -0.113382010365 0.055526081624 -104.781440955541 0.055936880566 -0.000442504957 0.998434208940 5.981547896722
-0.115677919174 0.993252414059 0.008262020484 77.702799463621 -0.991808805189 -0.115955386267 0.053569042784 -106.032536676744 0.054165606840 -0.001997589264 0.998529967839 6.068192258592
-0.117672093682 0.993019979193 0.008037368436 77.559361859397 -0.991767054137 -0.117927602600 0.049911830982 -107.294546863230 0.050511272954 -0.002097967567 0.998721287365 6.128466773927
-0.120879048184 0.992632698918 0.008281349511 77.436987748672 -0.991394041469 -0.121142202854 0.049622789384 -108.545546781027 0.050260424275 -0.002211725012 0.998733697250 6.192373598313
-0.127123350145 0.991766543675 0.015452400941 77.278685444244 -0.990313414894 -0.127783442716 0.054320641092 -109.769097822866 0.055847955457 -0.008397298067 0.998403971976 6.278597169487
-0.137271759484 0.990320458664 0.020539065207 77.145817907613 -0.988786302194 -0.138231186577 0.056513605887 -111.021598828595 0.058805719458 -0.012551024223 0.998190542507 6.343560224437
-0.145001287265 0.989308649557 0.015589182251 76.967681200508 -0.987886169795 -0.145637082924 0.053579432652 -112.259522663105 0.055276959189 -0.007631250840 0.998441897055 6.422853447594
-0.154654752973 0.987876403803 0.013495117407 76.754439679582 -0.986586853849 -0.155146215808 0.050754620781 -113.483443194880 0.052233008650 -0.005464662085 0.998619972900 6.506260434195
-0.168515225537 0.985601952652 0.013835089110 76.574588999983 -0.984274016024 -0.169009485409 0.051385359988 -114.711940666361 0.052983772433 -0.004958303193 0.998583063689 6.590630069645
-0.183180929749 0.982974536351 0.014346005077 76.353642056657 -0.981655082655 -0.183681289932 0.051132009797 -115.919656182402 0.052896556340 -0.004716419706 0.998588859197 6.660756040395
-0.196130916615 0.980505299402 0.011917272891 76.134264156440 -0.979221785108 -0.196484150914 0.050186392654 -117.138634105285 0.051549579200 -0.001826550042 0.998668766208 6.716891119488
-0.212213327809 0.977174027132 0.009819582395 75.897748667722 -0.975812948101 -0.212436021288 0.051575451300 -118.338845225731 0.052484224462 0.001362922507 0.998620823248 6.806323214664
-0.227102206432 0.973814311810 0.010501140320 75.624132234506 -0.972252049736 -0.227332988515 0.055187535882 -119.525336510607 0.056129667887 0.002323455965 0.998420784006 6.876839099558
-0.245111582657 0.969379678988 0.014944899233 75.342485414103 -0.967657370435 -0.245566580945 0.057760434252 -120.706256698475 0.059661759021 -0.000303790439 0.998218604426 6.958550139267
-0.260652031725 0.965251412111 0.018714426923 75.037222826036 -0.963647954169 -0.261299436482 0.055724545035 -121.878623345176 0.058678264993 -0.003509403338 0.998270777547 7.038545615708
-0.275255102455 0.961084509471 0.023477526037 74.703289590797 -0.959818248155 -0.276116018579 0.050088669293 -123.060908286240 0.054621965172 -0.008746996114 0.998468793193 7.111764998389
-0.289326119295 0.956874252179 0.026116320761 74.370382829516 -0.955786703982 -0.290280134066 0.047002343097 -124.247426975304 0.052556380992 -0.011362626616 0.998553312314 7.177195092805
-0.304797900574 0.951923909042 0.030644921275 74.010354401891 -0.950874470261 -0.305977219277 0.047071042991 -125.402722508788 0.054184699042 -0.014792318202 0.998421356799 7.259531329570
-0.319482737712 0.947029947533 0.032635238333 73.639887050050 -0.945889651289 -0.320783096714 0.048897570967 -126.544715222408 0.056776296881 -0.015247404367 0.998270488782 7.328180882098
-0.333911540389 0.942009416977 0.033486437872 73.239732746672 -0.940782267309 -0.335263549625 0.050270048828 -127.675429171871 0.058581641413 -0.014717697507 0.998174123422 7.410919539860
-0.348138624307 0.936881033670 0.032456540420 72.822023678250 -0.935617380821 -0.349412042422 0.050312436980 -128.806510371362 0.058477474042 -0.012851200743 0.998206006628 7.487027337273
-0.361917608351 0.931631893061 0.032827741288 72.406943785002 -0.930463657374 -0.363170080061 0.048423912001 -129.922546384409 0.057035314238 -0.013019553804 0.998287265344 7.560827887884
-0.376286798025 0.925900179284 0.033423100304 71.976891052649 -0.924791409924 -0.377538990696 0.047171587164 -131.055704203196 0.056294704567 -0.013159350563 0.998327470188 7.635745608818
-0.390402864476 0.919918559216 0.036543779483 71.537891170738 -0.918773007910 -0.391831773377 0.048208104175 -132.147351634857 0.058666543657 -0.014754856236 0.998168588403 7.710874142608
-0.404698774878 0.913662027568 0.037955249857 71.077633829876 -0.912422336150 -0.406215960544 0.049740063271 -133.204154037502 0.060863635337 -0.014501475076 0.998040743213 7.789376720806
-0.418983769052 0.907157277327 0.038965054378 70.592271065713 -0.905813215381 -0.420564796181 0.051260814012 -134.302599423096 0.062888950625 -0.013817612134 0.997924873667 7.864685171281
-0.433326155458 0.900432876537 0.038066755146 70.094450760449 -0.898873473435 -0.434861083697 0.054058455766 -135.391903616304 0.065229761221 -0.010792253614 0.997811908885 7.944918209627
-0.447745664493 0.893194829160 0.041554988755 69.561913836968 -0.891453497721 -0.449521422882 0.056931114260 -136.451452954409 0.069530434547 -0.011553680489 0.997512922793 8.031411629494
-0.463134858041 0.885182562662 0.044248548307 68.998898196208 -0.883373468656 -0.465081724108 0.057881817312 -137.516847291736 0.071815166515 -0.012280906357 0.997342349044 8.121121426167
-0.478055011847 0.877173727536 0.045051718820 68.439063120298 -0.875474803545 -0.480006165847 0.056017400025 -138.581355879285 0.070762094402 -0.012662245852 0.997412850090 8.208507378823
-0.493280140940 0.868589998860 0.047181738350 67.844910501883 -0.867141475270 -0.495301810503 0.052361993652 -139.667446356818 0.068850304433 -0.015084110591 0.997512959910 8.283654380082
-0.509252473963 0.859183649461 0.049652535286 67.230476699729 -0.857799177324 -0.511404547070 0.051438901784 -140.717137807285 0.069587995678 -0.016396515929 0.997441058471 8.382841925309
-0.525315564889 0.849271265823 0.052743476685 66.609905410603 -0.847998779347 -0.527633974780 0.050004588613 -141.760620978311 0.070296710514 -0.018458215134 0.997355336269 8.467227347641
-0.540921175378 0.839329674458 0.054129285997 65.959653560351 -0.838094570291 -0.543299671096 0.049223557703 -142.818236696673 0.070723215942 -0.018739395999 0.997319939520 8.556150021166
-0.555985290207 0.829213912104 0.057311822927 65.286110912776 -0.828073429861 -0.558548334778 0.048147195913 -143.844532926102 0.071935747938 -0.020689265090 0.997194666291 8.647752620863
-0.571462038582 0.818487544644 0.059239157005 64.590581613468 -0.817412766629 -0.574122007309 0.047119949856 -144.857729630143 0.072577595792 -0.021495580617 0.997131101011 8.744137523635
-0.586992764500 0.807356054715 0.060130652242 63.876724634933 -0.806478585169 -0.589627854950 0.043946380177 -145.876052997334 0.070935083617 -0.022697876157 0.997222653338 8.835494471860
-0.601883284438 0.796421864562 0.058725850870 63.138854973344 -0.795660637943 -0.604342812163 0.041157193946 -146.892352179535 0.068269035004 -0.021954020897 0.997425365542 8.917894365708
-0.616756979751 0.784996668547 0.058232794009 62.366410025071 -0.784335409052 -0.619119326927 0.038848746829 -147.882450307810 0.066549185069 -0.021713806548 0.997546849311 9.012895909965
-0.631188468980 0.773356904112 0.059331403902 61.588309111487 -0.772745839999 -0.633589321165 0.037794693649 -148.868229066731 0.066820531194 -0.021992520727 0.997522604076 9.094361411926
-0.645793534994 0.760796999191 0.064332232835 60.789677472428 -0.760284469937 -0.648516078264 0.037341946974 -149.829593382487 0.070130128545 -0.024795609602 0.997229633944 9.192631740745
-0.660978067272 0.747261559169 0.068616009596 59.971525314404 -0.746844011273 -0.663983106330 0.036748569141 -150.782837219087 0.073020664269 -0.026955457639 0.996966090644 9.284723488243
-0.676802564387 0.732718820383 0.071143651121 59.121772599708 -0.732646699108 -0.679852065323 0.032093356976 -151.727066657400 0.071882564815 -0.030402294856 0.996949646343 9.389755757031
-0.692657564486 0.717804876903 0.070580854734 58.245374455124 -0.718033396039 -0.695498333036 0.026647906397 -152.679891840991 0.068216863983 -0.032221536877 0.997150054922 9.461134248368
-0.709294527700 0.701232000244 0.071937158736 57.367673511859 -0.701681111475 -0.712117046728 0.023085267104 -153.597138631092 0.067415805057 -0.034102691872 0.997141973661 9.555918676849
-0.726709628668 0.682957937466 0.073902444169 56.453559589590 -0.683576193423 -0.729590092720 0.020539824459 -154.487756779495 0.067946327242 -0.035591463265 0.997053932522 9.650760163343
-0.743781586471 0.663881645392 0.077782469350 55.511036478849 -0.664927180620 -0.746750585952 0.015342974057 -155.358000375532 0.068270023426 -0.040307856462 0.996852286253 9.746088328486
-0.760382635831 0.644836582703 0.077485667932 54.543114786620 -0.645803139580 -0.763352110128 0.015226978398 -156.233988510009 0.068967760835 -0.038462157654 0.996877179192 9.814128440511
-0.776333043770 0.625254333550 0.079774830169 53.552279535047 -0.626309084903 -0.779446611336 0.014138961904 -157.030708465327 0.071020668248 -0.038987157551 0.996712629712 9.947352859120
-0.791719113060 0.606061182936 0.076620418645 52.542719143539 -0.606794638963 -0.794697928571 0.015983380376 -157.855313845195 0.070576994402 -0.033838511535 0.996932215849 10.016614786215
-0.806531616880 0.586466068525 0.074594245375 51.521572955104 -0.587053816220 -0.809387786363 0.016100563538 -158.620322633818 0.069818105338 -0.030805222873 0.997083983629 10.119241054963
-0.820694640371 0.566253581229 0.076270498960 50.471197911716 -0.566696926000 -0.823734128706 0.017795484438 -159.362464903524 0.072903369800 -0.028617598604 0.996928348338 10.213770226499
-0.834059468658 0.545841212978 0.080013579827 49.413193119039 -0.546296372673 -0.837397878733 0.018029583911 -160.083240402852 0.076844491968 -0.028673383248 0.996630704497 10.332164909934
-0.847037538853 0.525564972407 0.079428380031 48.327307401683 -0.525911579795 -0.850344775238 0.018187178559 -160.783208709966 0.077100051961 -0.026367081858 0.996674650516 10.440344472949
-0.858889292122 0.506294802542 0.077296551005 47.226121981935 -0.506535649334 -0.862032892233 0.017914481925 -161.437274540774 0.075702178512 -0.023766901956 0.996847187156 10.525858645378
-0.869167721576 0.488241115696 0.078537154995 46.117131513382 -0.488399283781 -0.872424262807 0.018494465833 -162.086197538377 0.077547478182 -0.022282697520 0.996739619971 10.624115482458
