1.000000000000 0.000000000000 0.000000000000 0.000000000000 0.000000000000 1.000000000000 0.000000000000 0.000000000000 0.000000000000 0.000000000000 1.000000000000 0.000000000000
0.999970258792 0.000921212405 -0.007657212216 0.973051049869 -0.000903757043 0.999996986144 0.002282745199 0.032268613940 0.007659292031 -0.002275757048 0.999968077578 0.100716039113
0.999959952035 0.001416559678 -0.008836723629 1.934809889079 -0.001416270045 0.999998996327 0.000039033669 0.041504143034 0.008836770053 -0.000026516918 0.999960954634 0.141015750685
0.999986989523 0.001720959699 -0.004801987440 2.897103603082 -0.001722394054 0.999998473289 -0.000294580712 0.048047430970 0.004801473147 0.000302847794 0.999988427002 0.172837674712
0.999999192387 0.000732232997 0.001038777830 3.853741146312 -0.000729978791 0.999997381764 -0.002168777597 0.051747017975 -0.001040363161 0.002168017560 0.999997108668 0.191798696161
0.999999398647 -0.000556262953 0.000945133532 4.796701020656 0.000562292331 0.999979418317 -0.006391147739 0.051816005431 -0.000941558921 0.006391675337 0.999979129759 0.210223921863
0.999998203415 -0.001258034365 -0.001417926922 5.734563782949 0.001244223029 0.999952183062 -0.009699664921 0.054141926903 0.001430061633 0.009697883277 0.999951951838 0.232599197552
0.999987537531 -0.002178317272 -0.004492183878 6.666444985769 0.002137202886 0.999955972764 -0.009137007016 0.060060694293 0.004511889400 0.009127292438 0.999948166350 0.241011296419
0.999981612340 -0.003084223693 -0.005221354805 7.596697006848 0.003036671469 0.999954066759 -0.009090819432 0.069934794667 0.005249153092 0.009074796734 0.999945045718 0.256689681066
0.999988666942 -0.003707512960 -0.002986693041 8.522912618002 0.003680255237 0.999951996560 -0.009080765178 0.076758527914 0.003020216724 0.009069670472 0.999954308640 0.275263185667
0.999989288469 -0.004627463925 -0.000097592001 9.444773353209 0.004626354617 0.999945945123 -0.009311480806 0.088162677363 0.000140675268 0.009310929571 0.999956642461 0.290806837668
0.999983817377 -0.005507859849 0.001424241673 10.365106783201 0.005521040961 0.999940363406 -0.009422724510 0.100959715717 -0.001372257691 0.009430435323 0.999954590868 0.305322069972
0.999980192350 -0.005868623952 0.002274678266 11.300535805907 0.005892675938 0.999925225481 -0.010715400924 0.109085366295 -0.002211623519 0.010728592619 0.999940001211 0.318437303743
0.999973800088 -0.006836188712 0.002380264926 12.192440989576 0.006862125904 0.999915238540 -0.011064671898 0.117944350113 -0.002304422986 0.011080715682 0.999935951636 0.332590151224
0.999972696138 -0.007302836394 0.001129406528 13.092756685684 0.007315117586 0.999909602099 -0.011281696926 0.125245740003 -0.001046916045 0.011289650634 0.999935721812 0.346668756337
0.999962052393 -0.008677192616 -0.000774662613 14.006765459046 0.008667424707 0.999892465831 -0.011829307817 0.135103744418 0.000877224493 0.011822144593 0.999929731218 0.368396786229
0.999945685140 -0.010193904500 -0.002170502586 14.902995877516 0.010166735725 0.999874128256 -0.012180522510 0.141870578006 0.002294396464 0.012157794000 0.999923458966 0.374196588724
0.999926473474 -0.011815710962 -0.002727016598 15.799214880009 0.011781697053 0.999856542950 -0.012169023538 0.156688673694 0.002870411053 0.012135999908 0.999922236100 0.382121998103
0.999906425771 -0.013277425816 -0.003293883094 16.697888686847 0.013237740590 0.999842857386 -0.011790791278 0.177541694068 0.003449916841 0.011746084394 0.999925060980 0.402201622809
0.999881586725 -0.014984846993 -0.003502411831 17.581648339049 0.014947613782 0.999833924520 -0.010425556127 0.196997546007 0.003658055530 0.010371968903 0.999939518616 0.409396821663
0.999862107916 -0.016421424979 -0.002470213638 18.473757501420 0.016393587827 0.999806242838 -0.010896194791 0.214846853544 0.002648666062 0.010854196628 0.999937583544 0.426117954976
0.999844790127 -0.017578542464 -0.001179194742 19.367808921068 0.017564851499 0.999787831641 -0.010759539651 0.235806678422 0.001368081579 0.010737157284 0.999941419187 0.443276599208
0.999817937394 -0.019071964080 -0.000593507029 20.245576985967 0.019064775911 0.999764307261 -0.010385771297 0.253202793491 0.000791444201 0.010372565358 0.999945890288 0.455328189390
0.999787318695 -0.020614349478 -0.000604956339 21.116607956986 0.020606092671 0.999722322972 -0.011430918396 0.272296723514 0.000840429303 0.011416021467 0.999934481920 0.467113938327
0.999754722753 -0.022127240271 -0.000937854992 21.989761973283 0.022115217735 0.999691334241 -0.011320485309 0.290133995292 0.001188056606 0.011296967784 0.999935481439 0.482286857192
0.999731260610 -0.023173099588 -0.000643439392 22.840650874905 0.023164305475 0.999667176014 -0.011355710113 0.314192515066 0.000906372241 0.011337753560 0.999935314825 0.491238256202
0.999706378379 -0.024199942403 0.001232808160 23.702464012339 0.024212432978 0.999641896354 -0.011394610273 0.339544493934 -0.000956617774 0.011421113854 0.999934319363 0.499423700499
0.999677751488 -0.025047244471 0.004126587445 24.551423568471 0.025098976771 0.999600418922 -0.013001686686 0.360693226038 -0.003799282113 0.013101070034 0.999906959381 0.510699757290
0.999653872753 -0.025704274113 0.005605799058 25.385585676828 0.025775172991 0.999583689919 -0.012964848795 0.383785443201 -0.005270213281 0.013104851748 0.999900238880 0.517112656915
0.999643054472 -0.026309818726 0.004642960848 26.215444295723 0.026365194771 0.999576722069 -0.012298504098 0.411283456538 -0.004317424171 0.012416526769 0.999913591123 0.525851964067
0.999634053165 -0.026971625600 0.002071512626 27.025808028370 0.026992759684 0.999575540608 -0.010960362335 0.437369893109 -0.001775014564 0.011012267267 0.999937787711 0.537206419491
0.999612496639 -0.027833872884 0.000363432094 27.825444323374 0.027836146621 0.999558542328 -0.010386019442 0.462598624841 -0.000074188509 0.010392111374 0.999945997801 0.546556951237
0.999588110771 -0.028698585418 0.000000366989 28.625115894633 0.028697285761 0.999542721098 -0.009529663685 0.491534465827 0.000273121046 0.009525749051 0.999954591724 0.554982917444
0.999548322896 -0.030049499952 -0.000421603084 29.407030944718 0.030043547124 0.999495225080 -0.010328616459 0.520366140107 0.000731760029 0.010311284807 0.999946569539 0.569981970795
0.999494501032 -0.031769858840 -0.001190997598 30.175149079270 0.031756752205 0.999447988206 -0.009758460962 0.546387040591 0.001500365081 0.009715705855 0.999951675815 0.579755409255
0.999434713581 -0.033591771254 -0.001358746903 30.944995312296 0.033576205074 0.999384119860 -0.010198991329 0.574868620427 0.001700512262 0.010147604413 0.999947065790 0.590183002492
0.999362369102 -0.035704702823 -0.000171517642 31.699967559705 0.035701086316 0.999310243833 -0.010221008086 0.605854035730 0.000536337393 0.010208367489 0.999947749423 0.599678805224
0.999287869853 -0.037673308697 0.002115413983 32.442976969435 0.037693018873 0.999237166984 -0.010213738071 0.638212048796 -0.001729014968 0.010286200899 0.999945600810 0.611290888163
0.999210300942 -0.039573759489 0.003562590513 33.191449613691 0.039605450189 0.999171986145 -0.009313990468 0.671345832455 -0.003191051020 0.009447733220 0.999950277529 0.623179080297
0.999125402660 -0.041629044651 0.003930954204 33.914040022667 0.041660328155 0.999097825303 -0.008243332648 0.708405141704 -0.003584245733 0.008399887894 0.999958296663 0.636382530378
0.999056448922 -0.043329257845 0.002964334908 34.641356221283 0.043344114110 0.999046950202 -0.005145781254 0.745316416949 -0.002738546866 0.005269412417 0.999982366671 0.643890834422
0.998981570299 -0.045071302300 0.002097596692 35.330056687950 0.045078325058 0.998977564916 -0.003430656512 0.783214328683 -0.001940827878 0.003521718775 0.999991915309 0.650550305461
0.998907526330 -0.046615660990 0.003276277130 36.023002186899 0.046625528228 0.998907925482 -0.003002753186 0.820797524779 -0.003132723866 0.003152230909 0.999990124692 0.653933576818
0.998856741036 -0.047549084481 0.004929041609 36.719071960250 0.047558294894 0.998866898577 -0.001768477847 0.857564702065 -0.004839367002 0.002000872833 0.999986288423 0.661156259435
0.998848664300 -0.047659638632 0.005468516444 37.388036814242 0.047653348078 0.998863120168 0.001274984247 0.895605730303 -0.005523064687 -0.001012923195 0.999984234747 0.668376611942
0.998914075996 -0.046458264714 0.003506909850 38.040998467607 0.046442951879 0.998911565893 0.004328480795 0.935532478008 -0.003704186516 -0.004160909148 0.999984482798 0.679461292653
0.999007274366 -0.044546981662 0.000179409515 38.695492827768 0.044544911089 0.998986718242 0.006425548377 0.970871406036 -0.000465466509 -0.006411177790 0.999979339857 0.682654835981
0.999100460571 -0.042376907989 -0.001570782078 39.333564862215 0.042386631889 0.999078249741 0.006784123514 1.005700134877 0.001281844031 -0.006844601089 0.999975753862 0.693515670973
0.999223332330 -0.039396443182 -0.000807707237 39.972921443245 0.039401570419 0.999192736327 0.007835299620 1.034353485844 0.000498372268 -0.007861039130 0.999968977363 0.700066380495
0.999350513654 -0.035992165932 0.001764894267 40.619450132703 0.035967671972 0.999276513129 0.012360294569 1.068644647453 -0.002208491162 -0.012288787588 0.999922051095 0.710642440417
0.999466240538 -0.032280156584 0.005022500963 41.226476680079 0.032191143259 0.999338923300 0.016895167140 1.100133713423 -0.005564559345 -0.016724469137 0.999844651839 0.713281587888
0.999586872472 -0.028062016039 0.006213504458 41.828930421241 0.027920984956 0.999373988857 0.021726688523 1.126938755688 -0.006819309417 -0.021544225466 0.999744639079 0.724549027880
0.999722658343 -0.022605399103 0.006603205838 42.420480013327 0.022428831786 0.999418308576 0.025690309233 1.150246964568 -0.007180104503 -0.025535082047 0.999648140940 0.729612202756
0.999820872280 -0.016851611853 0.008616642730 42.983083275022 0.016592926330 0.999434108165 0.029259839928 1.167749020442 -0.009104842107 -0.029111623362 0.999534699365 0.733097006447
0.999897236541 -0.010111569274 0.010162308976 43.530865042764 0.009757494920 0.999363692330 0.034307459034 1.180452489869 -0.010502744869 -0.034204774802 0.999359657846 0.735460932105
0.999944619580 -0.002734069122 0.010162806617 44.060209115437 0.002347766507 0.999281398022 0.037830881037 1.189563858073 -0.010258935848 -0.037804926050 0.999232476355 0.742706143556
0.999934352992 0.004487754911 0.010542758755 44.564647787808 -0.004914755778 0.999153965318 0.040831345374 1.194517185127 -0.010350598144 -0.040880480003 0.999110430069 0.748821183662
0.999871377013 0.012069380914 0.010562171852 45.047905295056 -0.012533875392 0.998904934317 0.045075871200 1.196490150386 -0.010006567720 -0.045202458353 0.998927728297 0.751614885930
0.999765119471 0.020018992039 0.008303363563 45.519295867823 -0.020408031275 0.998552377750 0.049766064225 1.195112825158 -0.007295076985 -0.049923830449 0.998726385456 0.752078164944
0.999584186893 0.028227553192 0.005887151648 45.950581494367 -0.028492906895 0.998275144705 0.051331176894 1.189998326886 -0.004428043637 -0.051477574782 0.998664333860 0.766547443489
0.999324271914 0.036239618876 0.006139184571 46.375916199411 -0.036511780182 0.997961207511 0.052348048778 1.174573779801 -0.004229594711 -0.052536828288 0.998610030093 0.762272896132
0.998999062443 0.044063506284 0.007699392926 46.764609845853 -0.044400879518 0.997700659286 0.051205042307 1.156421467943 -0.005425415695 -0.051495649075 0.998658481660 0.773218089820
0.998598647484 0.052133127975 0.009103747050 47.136528881069 -0.052542431683 0.997223301397 0.052772909941 1.137574288268 -0.006327251821 -0.053177289498 0.998565041330 0.776426100078
0.998078798938 0.061128202089 0.010102178993 47.497473544920 -0.061599423840 0.996534224734 0.055902145898 1.121404092118 -0.006649969439 -0.056417035041 0.998385144152 0.782589333742
0.997515889247 0.069658602805 0.010475197135 47.809701500606 -0.070166836950 0.995700987138 0.060466182320 1.104251809976 -0.006218174350 -0.061050989075 0.998115279435 0.785926356733
0.996825910127 0.078773245216 0.011527390772 48.111683680289 -0.079355179896 0.994762501150 0.064422990698 1.085221683815 -0.006392208032 -0.065133264504 0.997856100613 0.785041076085
0.996030057614 0.088131801178 0.012526370177 48.399053195533 -0.088754307965 0.994017060489 0.063661261965 1.060257543771 -0.006840843979 -0.064520299739 0.997892947052 0.790846777261
0.995049305956 0.098717639658 0.011476338098 48.666446592464 -0.099243957301 0.993109914628 0.062316405598 1.029751589937 -0.005245536676 -0.063146853348 0.997990460504 0.798361986073
0.993806773169 0.110837363984 0.007948355130 48.923187020386 -0.111116517101 0.991922528919 0.061178560383 0.992682294804 -0.001103282156 -0.061682861220 0.998095189549 0.804631688448
0.992218134092 0.124411416274 0.004997387268 49.185765430811 -0.124481412108 0.990291259454 0.061867596439 0.957316019181 0.002748166363 -0.062008232924 0.998071854443 0.810337900216
0.990146511909 0.139974458064 0.004127474317 49.438429492321 -0.139951876604 0.988109496041 0.063663930673 0.919546623331 0.004832927627 -0.063614266667 0.997962858972 0.810011384451
0.987657644162 0.156573333854 0.004143555637 49.703290234871 -0.156508960047 0.985528778960 0.065099702505 0.877449256633 0.006109284127 -0.064944722396 0.997870161735 0.814739326877
0.984893351176 0.173111440464 0.004185210908 49.945584936646 -0.173011987921 0.982746620450 0.065390611182 0.830152846110 0.007206861019 -0.065126869841 0.997850966818 0.816654341044
0.981532071261 0.191248926571 0.004317542276 50.192691563100 -0.191124885958 0.979436795342 0.064613016471 0.777118820389 0.008128410272 -0.064244937662 0.997901055682 0.821798024237
0.977532819021 0.210723558667 0.005016927363 50.445072909314 -0.210614550519 0.975521515875 0.063239885952 0.709807274706 0.008432013232 -0.062875701891 0.997985745021 0.829785822291
0.973049146418 0.230537643374 0.005268172643 50.674148673329 -0.230403892206 0.971040280940 0.063204582500 0.642343087842 0.009455427657 -0.062714972533 0.997986686839 0.833939305971
0.967747312260 0.251870389641 0.005142609778 50.913032105452 -0.251663948071 0.965625877386 0.065053225616 0.571138600348 0.011419144205 -0.064249293724 0.997868544149 0.836438556906
0.961604612229 0.274391517831 0.005085733278 51.168681951913 -0.274116633959 0.959413939238 0.066219062085 0.487295623623 0.013290625557 -0.065070639606 0.997792148262 0.841632988700
0.954358266301 0.298599994343 0.006192166130 51.406252367002 -0.298329885539 0.952104413067 0.067055693362 0.397198325441 0.014127240960 -0.065842463475 0.997730019127 0.850882995971
0.945879669023 0.324415615971 0.008133870079 51.644149168707 -0.324175807007 0.943436672273 0.069550640271 0.308401230871 0.014889522485 -0.068423340497 0.997545261427 0.857481009357
0.935994369411 0.351868621921 0.010149548643 51.894583439556 -0.351666384494 0.933395907573 0.071434121704 0.208257018872 0.015661878795 -0.070431190774 0.997393680007 0.865639764051
0.924830348807 0.380208627854 0.011411627028 52.121319251559 -0.380011013794 0.922196895848 0.071725272284 0.105979519172 0.016746800335 -0.070670252541 0.997359142979 0.870131919502
0.911867791368 0.410331240058 0.011198414963 52.345226996907 -0.410070199057 0.909384774196 0.069726353026 -0.015690911614 0.018427232840 -0.068173351787 0.997503298840 0.882526005164
0.896608271651 0.442716060333 0.009802914372 52.588554286064 -0.442339897955 0.894371979010 0.066589622601 -0.159584665528 0.020712843450 -0.064041026573 0.997732291264 0.893358526231
0.879144376972 0.476495661567 0.007553075281 52.807548827822 -0.475925626943 0.877057447093 0.065307213364 -0.302730264094 0.024494122913 -0.061009171493 0.997836619360 0.904577127583
0.859525339119 0.511059404328 0.005871682879 53.050390483524 -0.510260409184 0.857412738688 0.066915695874 -0.468584343626 0.029163439975 -0.060511823497 0.997741355756 0.912894109559
0.837522467521 0.546380338064 0.004964128761 53.268346318740 -0.545386118879 0.835375485322 0.068569525716 -0.634076776636 0.033318129169 -0.060135885293 0.997633989782 0.921609249395
0.812892038846 0.582384729688 0.005878759029 53.496207167749 -0.581265795386 0.810613957460 0.070958347530 -0.819054517833 0.036559653924 -0.061098597340 0.997461955720 0.933668905142
0.785854268508 0.618349206430 0.008793609913 53.750538667204 -0.617176037300 0.783306230585 0.074330936416 -1.031676722800 0.039074386111 -0.063840488984 0.997194857747 0.948243748032
0.756087535373 0.654348770143 0.012622435034 53.984038371462 -0.653148680516 0.753194977274 0.078064891913 -1.245076448772 0.041574511346 -0.067268218513 0.996868369838 0.956335141362
0.723035572671 0.690650540825 0.014879217393 54.214797667464 -0.689421736447 0.720049107504 0.078911039132 -1.491884196954 0.043786184650 -0.067313544261 0.996770613929 0.972677212908
0.686512584277 0.726937690413 0.016188449151 54.461073276894 -0.725782843969 0.683733660455 0.075812564666 -1.783444300716 0.044042423067 -0.063795578354 0.996990666532 0.992867237707
0.647287010733 0.762046752275 0.017443425223 54.675837424617 -0.760914500255 0.644634585139 0.073860510046 -2.075176941043 0.045040526620 -0.061081903946 0.997116017308 1.013237618132
0.604746319448 0.796190855249 0.019026590120 54.906089536322 -0.795061029012 0.602149407809 0.072760228303 -2.414030975230 0.046474178428 -0.059128780588 0.997167958794 1.026382095789
0.559017096301 0.828935596153 0.019122329214 55.104807247933 -0.827712159060 0.556534670540 0.071845265898 -2.749754802464 0.048912859128 -0.055990516325 0.997232467529 1.050641889009
0.510887005421 0.859415068072 0.020005210870 55.302132066995 -0.858193239842 0.508531170880 0.070002938029 -3.125134927682 0.049988306444 -0.052931928110 0.997346168692 1.076055876898
0.462234502792 0.886465655008 0.022757568408 55.495229997285 -0.885377820206 0.459932036334 0.067591696540 -3.536794817705 0.049450782767 -0.051392260553 0.997453485451 1.099463759911
0.412232003152 0.910680843145 0.026929120039 55.664985842929 -0.909825882736 0.409935539664 0.064573341434 -3.945483447526 0.047766501665 -0.051120008301 0.997549550684 1.132929558191
0.362389150173 0.931446137936 0.032896746956 55.823130255161 -0.930826447168 0.359906058586 0.063480345353 -4.384356432756 0.047288783977 -0.053625750497 0.997440750017 1.143743085292
0.313058543997 0.949119133424 0.034164581055 55.957207033872 -0.948432437531 0.310544688409 0.063544535098 -4.850754036447 0.049701704907 -0.052295956524 0.997394041220 1.148390994371
0.265037982970 0.963841449088 0.027650110371 56.066042624463 -0.962953423453 0.263096381011 0.059169236594 -5.315490399621 0.049755118767 -0.042307863562 0.997864957215 1.191417178498
0.220362678327 0.975255457194 0.017806830543 56.145829583580 -0.974223125007 0.219152729978 0.053491902602 -5.808648553753 0.048265854402 -0.029135445025 0.998409501729 1.219302451558
0.177578437291 0.984041785504 0.011298804821 56.205265191407 -0.982917770548 0.176788032370 0.051172726649 -6.341260153317 0.048358607828 -0.020192968875 0.998625900454 1.262909756503
0.139091193706 0.990237975701 0.009076966044 56.267844642691 -0.988945106195 0.138422230075 0.053168253256 -6.850617680995 0.051392769593 -0.016371856961 0.998544313255 1.268419685861
0.105558922543 0.994407800015 0.003231275324 56.310486196446 -0.993040246705 0.105241956179 0.052869642369 -7.379228317633 0.052233919020 -0.008789648929 0.998596194553 1.308526270211
0.075890137527 0.997112357033 -0.002763055924 56.335475592885 -0.995794599377 0.075931884205 0.051258802292 -7.934837674240 0.051320589215 -0.001138601388 0.998681581241 1.344791293048
0.050349056426 0.998700690433 -0.007867874232 56.347197007523 -0.997500471078 0.050676476235 0.049241293204 -8.495922274928 0.049576029662 0.005368955603 0.998755921934 1.368122167836
0.029931959973 0.999477249614 -0.012219053856 56.353109383538 -0.998356302001 0.030491664863 0.048527854155 -9.068679858000 0.048875065496 0.010746435633 0.998747086150 1.400462260081
0.013642232610 0.999814600071 -0.013588781191 56.353080608003 -0.998666533178 0.014300762309 0.049604875847 -9.657087155315 0.049790009036 0.012893939748 0.998676474799 1.433792095436
-0.000062563459 0.999903844813 -0.013867127079 56.350798430380 -0.998769313662 0.000625286299 0.049593014678 -10.249182475501 0.049596916977 0.013853163706 0.998673237692 1.458763371803
-0.012017924151 0.999826170721 -0.014254747966 56.343197576377 -0.998656715298 -0.011282860013 0.050571356132 -10.847482814208 0.050401731023 0.014843362503 0.998618716077 1.472116378318
-0.021538030602 0.999605791259 -0.018010422500 56.321903471259 -0.998367952592 -0.020551332383 0.053282961396 -11.458509374978 0.052891818608 0.019128638689 0.998417022444 1.517638522455
-0.028851072630 0.999355056190 -0.021379599505 56.288421454388 -0.998119700214 -0.027645047623 0.054706630195 -12.078818247633 0.054080307446 0.022917744410 0.998273558368 1.566050662158
-0.033260049984 0.999213300759 -0.021599737552 56.272134975947 -0.998008107336 -0.032045263246 0.054340765504 -12.717059294429 0.053605846390 0.023364089770 0.998288802172 1.593058368076
-0.036836750897 0.999139983847 -0.019035400218 56.253214141150 -0.998024094505 -0.035812012303 0.051627575599 -13.370879149567 0.050901479063 0.020899580208 0.998484975839 1.632034367644
-0.039172496178 0.999075529401 -0.017708814069 56.227616714991 -0.998251985038 -0.038343007756 0.044975416875 -14.044019538697 0.044254829229 0.019439658143 0.998831121752 1.653608392372
-0.040338264727 0.999006051174 -0.018966658022 56.191625718557 -0.998445394840 -0.039570342998 0.039255336926 -14.728426788777 0.038465801967 0.020520664530 0.999049190184 1.686407613385
-0.040873166615 0.998917360393 -0.022214665332 56.158044746636 -0.998518619132 -0.040037460161 0.036845203636 -15.414183308472 0.035915894781 0.023687737099 0.999074041107 1.708315893442
-0.041013583366 0.998830691050 -0.025595636280 56.123841193997 -0.998436234896 -0.039996556461 0.039055861512 -16.103852297251 0.037986455832 0.027157431549 0.998909156573 1.754089859571
-0.040312893420 0.998840162027 -0.026328717121 56.096106490945 -0.998158371128 -0.039062002723 0.046411486631 -16.805510523973 0.045329204407 0.028151210709 0.998575371499 1.781757539222
-0.038404082074 0.998956099182 -0.024735367136 56.071295390968 -0.997878424522 -0.037036845994 0.053543644923 -17.503058901169 0.052571630685 0.026739183722 0.998259104492 1.833367474572
-0.036743808770 0.999002290708 -0.025383374015 56.043169007059 -0.997857804292 -0.035302259916 0.055077698368 -18.211865580276 0.054126656370 0.027352762277 0.998159371777 1.863705522448
-0.034520506405 0.999064613268 -0.026042909844 56.017603899347 -0.998165055203 -0.033168877580 0.050659136701 -18.944709616845 0.049747936729 0.027743901595 0.998376391305 1.892817638154
-0.031741702769 0.999120681382 -0.027392121872 55.990977014172 -0.998543411506 -0.030503230545 0.044504025269 -19.685837865456 0.043629343842 0.028764856365 0.998633598170 1.917161268566
-0.029172526893 0.999231363266 -0.026184849443 55.968586562489 -0.998673983923 -0.028024606515 0.043184433145 -20.415467099088 0.042417419901 0.027409926949 0.998723915000 1.945115100546
-0.026374737637 0.999120959891 -0.032583442426 55.943905858912 -0.998541301972 -0.024795256430 0.047963147468 -21.142089221097 0.047113071128 0.033800928454 0.998317512500 2.000384227020
-0.023267510485 0.999159035712 -0.033761580390 55.925379741446 -0.998359601402 -0.021455227678 0.053082760792 -21.867566651184 0.052313757692 0.034941301635 0.998019226366 2.064660163715
-0.020820072209 0.999390817480 -0.028009257948 55.920008971211 -0.998354502356 -0.019284962977 0.054003498299 -22.606019433327 0.053430442809 0.029087525514 0.998147836566 2.093698109141
-0.017046085083 0.999581190487 -0.023385350271 55.923810795109 -0.998564096565 -0.015831441082 0.051177246156 -23.344329907710 0.050785588843 0.024224142859 0.998415752514 2.127878135471
-0.012223775079 0.999483199689 -0.029730672072 55.901860433250 -0.998861855784 -0.010834470662 0.046450051717 -24.082745368891 0.046103930221 0.030264629264 0.998478081799 2.141478888027
-0.009195604903 0.999359521227 -0.034583062096 55.886759340344 -0.998809854566 -0.007522919869 0.048190041489 -24.819691011355 0.047899011186 0.034985039805 0.998239315854 2.196364487845
-0.006177050505 0.999406988353 -0.033875000794 55.889348366396 -0.998638082050 -0.004410231717 0.051985872453 -25.550707712457 0.051805647622 0.034149985182 0.998073120260 2.253166758300
-0.002560338495 0.999541280614 -0.030177359301 55.907768720851 -0.998562722536 -0.000939964608 0.053587364439 -26.289330438909 0.053534417226 0.030271187854 0.998107069085 2.286985987966
0.001059971594 0.999590187788 -0.028606519150 55.914705232888 -0.998625736078 0.002556998912 0.052345974054 -27.031497558596 0.052397668873 0.028511720998 0.998219197402 2.334813994754
0.004694812454 0.999415948553 -0.033848493520 55.913030923514 -0.998718472483 0.006391897571 0.050205142840 -27.774362002630 0.050392176558 0.033569412014 0.998165178274 2.365816840820
0.008228165220 0.999202303378 -0.039077541126 55.910281212100 -0.998700403572 0.010177094026 0.049939269734 -28.506961476064 0.050297129158 0.038615847531 0.997987482446 2.409099144045
0.011301159920 0.999057443510 -0.041910718807 55.912258102815 -0.998617076206 0.013428478132 0.050829234544 -29.245234437244 0.051344122290 0.041278330169 0.997827580579 2.454154886147
0.014121324687 0.999002271579 -0.042368025309 55.924242953333 -0.998577167193 0.016269059035 0.050783450829 -29.983277997725 0.051422070641 0.041590613095 0.997810599038 2.497647532658
0.017596657877 0.998871985756 -0.044103443204 55.943191826323 -0.998574088227 0.019780678821 0.049583415236 -30.728439971406 0.050399880482 0.043168053191 0.997795756270 2.529847425854
0.021118206849 0.998648861022 -0.047481298623 55.945663360300 -0.998569355624 0.023402456085 0.048078758913 -31.470769178578 0.049124976833 0.046398032594 0.997714367553 2.563494401413
0.024055805584 0.998665581359 -0.045698739885 55.970787961572 -0.998453450870 0.026292191563 0.048983947465 -32.211049228278 0.050120102396 0.044449716222 0.997753575821 2.609741062259
0.027320475571 0.998720195091 -0.042562466231 56.004989588566 -0.998307808930 0.029446190185 0.050144197204 -32.956954451552 0.051333324889 0.041120479091 0.997834653615 2.652662098412
0.029883258960 0.998570809314 -0.044309475500 56.026839831231 -0.998214624419 0.032107458773 0.050365411625 -33.706945705857 0.051716094506 0.042725283807 0.997747460880 2.695604238357
0.032807938682 0.998558302556 -0.042484768525 56.060328041339 -0.998143934056 0.034917149099 0.049894685156 -34.457740136158 0.051306199113 0.040768972222 0.997850472183 2.736010376408
0.034904724934 0.998549587417 -0.040992458400 56.086903740208 -0.998047490910 0.036954330051 0.050354576546 -35.214788219921 0.051796390472 0.039154807609 0.997889790997 2.779318409590
0.038293000695 0.998495226332 -0.039254669647 56.134433205335 -0.997921133783 0.040249750138 0.050332577552 -35.964702346618 0.051836829060 0.037245679013 0.997960772049 2.812339746372
0.041480375662 0.998446268426 -0.037207895675 56.165670056950 -0.997700541135 0.043389709439 0.052066912078 -36.724711564038 0.053600453855 0.034962582577 0.997950203751 2.856214953438
0.044430075476 0.998343007166 -0.036567860694 56.202763563522 -0.997363763760 0.046429127325 0.055766108657 -37.483624715666 0.057371518475 0.033993766758 0.997773988782 2.915559131449
0.047605064456 0.998180237991 -0.037013110151 56.244320594593 -0.997106214040 0.049687304029 0.057535812675 -38.241764752527 0.059270192846 0.034167006062 0.997657085344 2.949359400784
0.050768535948 0.998214286829 -0.031476869729 56.294858339233 -0.996823069540 0.052584158066 0.059822022306 -39.003816446855 0.061370382026 0.028339793413 0.997712650175 3.001684907953
0.053659767573 0.998181216407 -0.027475235343 56.344345600284 -0.996708989802 0.055214285465 0.059351262227 -39.780666537875 0.060760340613 0.024200039127 0.997858977569 3.034131566256
0.057000741308 0.997915705211 -0.030251624469 56.395588325400 -0.996511537922 0.058718312285 0.059303579910 -40.552521575197 0.060956298100 0.026765744807 0.997781501446 3.085932562621
0.060848038604 0.997664391745 -0.031036714438 56.446323625562 -0.996214316083 0.062634928567 0.060281855939 -41.327096945656 0.062085043531 0.027251186550 0.997698762253 3.132736028056
0.064852055488 0.997540723199 -0.026584139244 56.507918629882 -0.995899908009 0.066383125202 0.061454486536 -42.122744429011 0.063068091186 0.022489692057 0.997755796588 3.189839309133
0.069216142185 0.997270314524 -0.025710803764 56.568544434015 -0.995656085291 0.070667034178 0.060622851337 -42.921446414510 0.062274276269 0.021403038328 0.997829556821 3.236663085953
0.074278219610 0.996843311094 -0.028038530961 56.627640880170 -0.995392900187 0.075820854539 0.058687070758 -43.724538334822 0.060627719310 0.023550183520 0.997882592547 3.288782671986
0.079326082913 0.996568711536 -0.023625743538 56.705242570025 -0.994760351678 0.080670981020 0.062801556918 -44.512346040041 0.064491978569 0.018520151440 0.997746354887 3.337623113129
0.084957632830 0.996139005743 -0.022119716594 56.782808835587 -0.993731613109 0.086329479595 0.071026066070 -45.296796706662 0.072661418459 0.015946855210 0.997229169287 3.405303569611
0.092410667754 0.995469956993 -0.022356949919 56.856432393915 -0.992670853316 0.093860458208 0.076123526994 -46.101708564737 0.077877117706 0.015158466593 0.996847719277 3.451717039766
0.100004916756 0.994819871791 -0.018232918439 56.952315375815 -0.991716791801 0.101143972549 0.079168817575 -46.911635265594 0.080602862752 0.010164620368 0.996694466228 3.521291622316
0.107541245716 0.994086555796 -0.015059882319 57.050741491390 -0.991106062360 0.108388438272 0.077205696692 -47.710916913489 0.078381462237 0.006623143866 0.996901439633 3.582841611061
0.115331739096 0.993213896320 -0.014991534726 57.149125438802 -0.990384924812 0.116137771585 0.075164610797 -48.531050043477 0.076395619391 0.006178524710 0.997058441201 3.653126987090
0.122593413601 0.992339444730 -0.015273551465 57.253712934249 -0.989714559587 0.123383461685 0.072398977363 -49.346715966189 0.073728864648 0.006240818486 0.997258796252 3.717908059729
0.130361457651 0.991376430943 -0.013366470360 57.366454399475 -0.989173086513 0.130964535331 0.066218542750 -50.163748075227 0.067398036154 0.004589406985 0.997715611818 3.780193844270
0.137984054002 0.990380247711 -0.010361746274 57.485452760342 -0.988589603695 0.138357743378 0.059562826613 -50.979026889997 0.060423474807 0.002024794359 0.998170778925 3.833795662169
0.145548750077 0.989298073091 -0.010241285553 57.608600430989 -0.987741923572 0.145894388157 0.055504233370 -51.786444626187 0.056404377211 0.002037175301 0.998405927541 3.894171205427
0.152633918880 0.988221380689 -0.011017692859 57.738972218928 -0.986526067121 0.153017555560 0.057895997970 -52.576070396249 0.058899963479 0.002032348147 0.998261821299 3.945384104149
0.158251056244 0.987328548364 -0.011787314510 57.871032023450 -0.985264197752 0.158682231512 0.063831105514 -53.354830722245 0.064892710117 0.001512279106 0.997891100865 3.997444195266
0.163318292373 0.986505196620 -0.011603121086 58.006219504127 -0.984133095946 0.163729756484 0.068371165753 -54.132489738422 0.069348286504 0.000252753438 0.997592477555 4.051357596808
0.168722355488 0.985599705142 -0.011224436883 58.140041097403 -0.983080146732 0.169093169625 0.070433834825 -54.901949616926 0.071317542446 -0.000849241460 0.997453300625 4.114543342853
0.174402861837 0.984629653462 -0.009385483811 58.286436108362 -0.982100945991 0.174627820899 0.070589348002 -55.671371617572 0.071143331847 -0.003093491777 0.997461305837 4.164448279364
0.179326658806 0.983709579929 -0.012546385871 58.427132676267 -0.981404019764 0.179764856341 0.067310819462 -56.431208621340 0.068469697191 0.000242449171 0.997653167080 4.227540426454
0.184173572662 0.982814028564 -0.012517203757 58.568605487973 -0.980879460694 0.184596125653 0.061642144526 -57.180091622856 0.062893391708 0.000925014087 0.998019822262 4.282730940436
0.188109989431 0.982096135913 -0.010090178471 58.717479984731 -0.980616294096 0.188380255278 0.053893999425 -57.937349718566 0.054829878981 -0.000243406243 0.998495681074 4.341769873197
0.191388633084 0.981495363496 -0.006102668476 58.867137677091 -0.980180588807 0.191448892382 0.050924796834 -58.668382252662 0.051150801100 -0.003764710076 0.998683845121 4.382538989358
0.195024638371 0.980786127384 -0.004895177120 59.020403326786 -0.979472949611 0.195018049453 0.050997072151 -59.393820891824 0.050971868797 -0.005150991981 0.998686805697 4.435730727480
0.197077454063 0.980383239515 -0.003029979989 59.169616008906 -0.978973930811 0.196958203764 0.053080210642 -60.105115896730 0.052635728279 -0.007494641354 0.998585655044 4.479880358387
0.199172122710 0.979964482320 0.000280939159 59.327945686629 -0.978372236239 0.198832155540 0.057039821879 -60.813807379101 0.055841139780 -0.011635605475 0.998371864484 4.526991893491
0.201489067057 0.979490446505 0.000788074299 59.482542223826 -0.977631234202 0.201056928142 0.061751773735 -61.497746257854 0.060326824630 -0.013212753329 0.998091226983 4.571242087602
0.203129320874 0.979151076481 0.001283911261 59.634771541209 -0.976936134384 0.202581308354 0.067502613581 -62.167237235336 0.065835160330 -0.014966059359 0.997718271223 4.617975317043
0.205124100378 0.978735930905 0.000284604839 59.784892121278 -0.976390800522 0.204612471100 0.069244070697 -62.846772947945 0.067713426294 -0.014481513255 0.997599708136 4.676069046548
0.206731161333 0.978393555741 0.002876980842 59.939457749396 -0.976089099709 0.206040569100 0.069262928854 -63.512236537942 0.067173628473 -0.017126995359 0.997594291116 4.725790180205
0.207261784710 0.978281861239 0.002674428673 60.079760218223 -0.976185030960 0.206636948204 0.066060252552 -64.166718112832 0.064072911041 -0.016302503079 0.997812051673 4.780083013499
0.207974608727 0.978129242575 0.003122009779 60.226190165689 -0.976200965841 0.207361917181 0.063503618744 -64.821194597947 0.061467360570 -0.016254849223 0.997976724910 4.827359303142
0.207800654732 0.978168132323 0.002448019680 60.369367998757 -0.976287528786 0.207244604105 0.062548662714 -65.463508319152 0.060675769717 -0.015387624148 0.998038913065 4.870624748719
0.206373477649 0.978469948342 0.002558889514 60.499911989006 -0.976650475660 0.205828759971 0.061549735672 -66.089453090874 0.059697873627 -0.015201373660 0.998100737463 4.919960904311
0.204967958955 0.978762080693 0.003595163270 60.636230244859 -0.976942569359 0.204359892897 0.061808173801 -66.709939044160 0.059760789612 -0.016180963273 0.998081572043 4.967414126140
0.202722441499 0.979226887110 0.004279634758 60.769305680878 -0.977211042319 0.202020320440 0.065164168827 -67.323274829545 0.062945933006 -0.017392345745 0.997865379612 5.011574017746
0.200851755197 0.979618228206 0.002588320294 60.903271594893 -0.977346509206 0.200204615557 0.068643374432 -67.925976863217 0.066726107170 -0.016316828041 0.997637904124 5.060588806831
0.198816764283 0.980036453474 0.000666410478 61.023333914606 -0.977671852471 0.198289764102 0.069562334192 -68.524618605760 0.068041480921 -0.014481688967 0.997577384246 5.107332283487
0.196608062763 0.980480586196 0.001757767991 61.140293979236 -0.978211032698 0.196030385356 0.068375898716 -69.098968484225 0.066696665318 -0.015162721028 0.997658081071 5.154361568857
0.194223701795 0.980953289979 0.002792228659 61.255854192611 -0.978893633525 0.193629795288 0.065381622957 -69.679311625939 0.063595659480 -0.015431955698 0.997856425965 5.195220828818
0.192297623856 0.981332563801 0.002832504654 61.364272872755 -0.979526793803 0.191766955257 0.061259244957 -70.249133857353 0.059572511117 -0.014554521446 0.998117869705 5.238113023686
0.190053173475 0.981773544390 -0.000706248762 61.472024216795 -0.980014687437 0.189755636670 0.059699336351 -70.799405471688 0.058745243730 -0.010653914168 0.998216154173 5.283464756470
0.187928357932 0.982170354337 -0.004932276073 61.578990281864 -0.980263802084 0.187872584466 0.061536739678 -71.353017550546 0.061366200867 -0.006729566744 0.998092632135 5.321612721461
0.185605030976 0.982582426280 -0.009085595347 61.676263108749 -0.980537915372 0.185805234563 0.063417752454 -71.906955787013 0.064001320250 -0.002861883187 0.997945710262 5.365838392207
0.183694226894 0.982943967673 -0.008808372193 61.778488195627 -0.980753523717 0.183873393675 0.065674202052 -72.440777912228 0.066173686027 -0.003425129706 0.997802240809 5.400501996536
0.182274374627 0.983214228938 -0.008113714853 61.888394148081 -0.980878139399 0.182401462841 0.067880645279 -72.980753005040 0.068221169766 -0.004414336639 0.997660456081 5.447907160060
0.181187881195 0.983405312132 -0.009216494922 61.991340756944 -0.981156441184 0.181397119776 0.066536627961 -73.528242753773 0.067104319022 -0.003012807285 0.997741416080 5.483067462168
0.181238953184 0.983325453552 -0.014949723945 62.079893054349 -0.981192605554 0.181830957764 0.064796401177 -74.067371418825 0.066434273200 0.002924926671 0.997786516319 5.525837678362
0.183249333968 0.982858725264 -0.020209101229 62.185267098281 -0.980849751727 0.184177229553 0.063344397162 -74.617776839909 0.065980649723 0.008214273333 0.997787091305 5.563542737557
0.185111862605 0.982452756047 -0.022807464993 62.286949362099 -0.980529743955 0.186197774423 0.062384373201 -75.167089155967 0.065536398607 0.010815310289 0.997791566170 5.604983453770
0.188578236191 0.981840938608 -0.020654784161 62.394280102398 -0.979902241871 0.189515488704 0.062253320532 -75.717803078826 0.065037260177 0.008500047922 0.997846633493 5.649370238420
0.193994013074 0.980805529526 -0.019668150490 62.515115910363 -0.978814642361 0.194860739230 0.062858477605 -76.280133527797 0.065484492756 0.007057305361 0.997828630402 5.688551551018
0.200420217415 0.979476101529 -0.021408012174 62.632640396476 -0.977554538551 0.201380219344 0.061912288080 -76.845818613443 0.064952756753 0.008519025225 0.997851975796 5.729577963863
0.208271007942 0.977851832850 -0.020711838219 62.761603285683 -0.975936315623 0.209168187650 0.061619616381 -77.410083558655 0.064587112481 0.007379855468 0.997884784248 5.769345395298
0.216396064690 0.976091972610 -0.020425576918 62.886186717318 -0.974228874195 0.217252364451 0.060658971514 -77.979084076512 0.063646240043 0.006772824082 0.997949540299 5.801054233171
0.225770061006 0.974011654376 -0.018143227195 63.026137107944 -0.972187597778 0.226459797188 0.059726334092 -78.553408396686 0.062282857030 0.004154202371 0.998049892702 5.847021617760
0.235380448116 0.971755100886 -0.016972582184 63.175017017719 -0.969905461241 0.235979923635 0.059973926805 -79.132917202283 0.062285157941 0.002345110385 0.998055639510 5.884776608025
0.245425246977 0.969309788602 -0.014317187809 63.339356306237 -0.967255514907 0.245837050221 0.063094481698 -79.717777763312 0.064677793935 -0.001636599887 0.997904857445 5.923398022829
0.255389732900 0.966767326058 -0.011705622371 63.505930793105 -0.964513300844 0.255596051015 0.066217453900 -80.311905434862 0.067008781698 -0.005621029393 0.997736552004 5.962762511150
0.266516435060 0.963778726075 -0.009977825793 63.679136177385 -0.961393856495 0.266564079845 0.068304055736 -80.913670547266 0.068489725775 -0.008611533016 0.997614654545 6.001475832664
0.276966610832 0.960831379712 -0.009620615630 63.865351781915 -0.958307396927 0.276943464323 0.070350910185 -81.524867009699 0.070259728719 -0.010265346042 0.997475911083 6.050617409352
0.287143437341 0.957858550554 -0.007459458599 64.060118316874 -0.955269471375 0.286925297939 0.071652707281 -82.145719745974 0.070773465721 -0.013448811591 0.997401747550 6.094333764492
0.297321939758 0.954747700810 -0.007516111780 64.264068605530 -0.952119011346 0.297071973740 0.072233168645 -82.765735857123 0.071197277848 -0.014320272899 0.997359452460 6.138829878405
0.307513892237 0.951529112009 -0.005249293328 64.482757081640 -0.948885025721 0.307062138261 0.073007199711 -83.393859539365 0.071080335145 -0.017469752310 0.997317599218 6.185455607764
