1.000000000000 0.000000000000 0.000000000000 0.000000000000 0.000000000000 1.000000000000 0.000000000000 0.000000000000 0.000000000000 0.000000000000 1.000000000000 0.000000000000
0.999995015528 0.000669911790 0.003085471873 1.313063175626 -0.000668512017 0.999999673181 -0.000454674950 -0.069714493278 -0.003085775457 0.000452610009 0.999995136555 -0.023060613300
0.999992443975 0.001067593425 0.003737945569 2.619973913446 -0.001060237156 0.999997498625 -0.001969426625 -0.080876901910 -0.003740038766 0.001965448635 0.999991074521 -0.014941416234
0.999997092257 0.000648452317 0.002322710999 3.934560971160 -0.000641093610 0.999994777960 -0.003167499329 -0.082408786500 -0.002324752842 0.003166001043 0.999992285951 0.002313138803
0.999995575871 0.001308799657 0.002671194687 5.245989141858 -0.001299480633 0.999993074430 -0.003487469169 -0.091207390100 -0.002675740586 0.003483982574 0.999990351092 0.013650846621
0.999993843506 0.001030525940 0.003354246107 6.572822569176 -0.001017733831 0.999992211902 -0.003813181475 -0.090809132455 -0.003358149566 0.003809744270 0.999987104257 0.020857430284
0.999989652694 0.001157696566 0.004399345863 7.902038635674 -0.001135076927 0.999986142744 -0.005140614737 -0.091084576094 -0.004405236173 0.005135567949 0.999977109656 0.039296538670
0.999985365918 0.001382232059 0.005230428744 9.229185397340 -0.001354126358 0.999984647253 -0.005373229948 -0.091044551968 -0.005237775493 0.005366068654 0.999971885112 0.046255391617
0.999992896552 0.000877055408 0.003665735839 10.559633729445 -0.000861422820 0.999990538419 -0.004263921007 -0.086595748855 -0.003669440851 0.004260732970 0.999984190554 0.063641271177
0.999998837225 0.001108530255 0.001047239343 11.888766073326 -0.001107194398 0.999998573841 -0.001275318193 -0.085967641329 -0.001048651579 0.001274157213 0.999998638426 0.071073700193
0.999999329451 0.001074330778 0.000432332203 13.226484666913 -0.001075282768 0.999996984661 0.002207812658 -0.079719985678 -0.000429958979 -0.002208276057 0.999997469323 0.089149985184
0.999999231493 0.001167317184 0.000417592505 14.564659607133 -0.001169220699 0.999988793916 0.004587479113 -0.071901103637 -0.000412232782 -0.004587963845 0.999989390270 0.102419352412
0.999998105520 0.001615512757 0.001085851944 15.913293534072 -0.001621468122 0.999983526224 0.005506189334 -0.069463584337 -0.001076938737 -0.005507939577 0.999984251278 0.117951156723
0.999991057956 0.001763588977 0.003843665161 17.264548799244 -0.001775936495 0.999993266485 0.003211391257 -0.072201098386 -0.003837975705 -0.003218188645 0.999987456523 0.131926987194
0.999980233991 0.002273314617 0.005862053186 18.613790232955 -0.002266517310 0.999996751752 -0.001165926390 -0.081619766783 -0.005864684662 0.001152616900 0.999982138315 0.145705275439
0.999990984719 0.001727285978 0.003879041599 19.967323967673 -0.001714018340 0.999992679208 -0.003421062806 -0.081106964049 -0.003884922355 0.003414383216 0.999986624593 0.163472607547
0.999996372444 0.002220087827 0.001525224196 21.311178245884 -0.002213665354 0.999988731034 -0.004199701212 -0.084667811977 -0.001534530714 0.004196309641 0.999990018051 0.172038019656
0.999996443381 0.002615643072 0.000521187333 22.671281786663 -0.002614640994 0.999994749775 -0.001914177101 -0.081925238134 -0.000526191400 0.001912807575 0.999998032143 0.200463977565
0.999992557653 0.003349601557 0.001914368833 24.033663291483 -0.003350689575 0.999994226574 0.000565418895 -0.073542356172 -0.001912463853 -0.000571829143 0.999998007745 0.197204525977
0.999969459101 0.004381331539 0.006471846651 25.411543909739 -0.004384312027 0.999990289213 0.000446415684 -0.084295715229 -0.006469827909 -0.000474776645 0.999978957736 0.201159552135
0.999962756172 0.004604335290 0.007299751026 26.781838936231 -0.004591198546 0.999987812621 -0.001815352742 -0.089349131260 -0.007308020554 0.001781770525 0.999971708664 0.210657074052
0.999969786275 0.004685036561 0.006202980670 28.153170711546 -0.004653924408 0.999976566768 -0.005020647567 -0.097618824587 -0.006226357231 0.004991627672 0.999968157557 0.239585866091
0.999983006423 0.004586734660 0.003598434302 29.523665984927 -0.004566013285 0.999973068996 -0.005745677161 -0.094300175786 -0.003624691289 0.005729149023 0.999977018968 0.234041795304
0.999983506786 0.005505774096 0.001634811030 30.904601875428 -0.005497103060 0.999971046464 -0.005261947521 -0.105297112122 -0.001663734790 0.005252874010 0.999984819535 0.265778655568
0.999982966760 0.005816377158 0.000485744167 32.287658736029 -0.005815019284 0.999979306961 -0.002751581382 -0.098762980804 -0.000501738351 0.002748709902 0.999996096419 0.261883639957
0.999979348330 0.006302276417 -0.001258660220 33.672414105005 -0.006303738086 0.999979457598 -0.001160718439 -0.100377922462 0.001251319196 0.001168628733 0.999998534253 0.286997101414
0.999977028965 0.006675303815 -0.001175525619 35.060095857921 -0.006675639088 0.999977678046 -0.000281518454 -0.106287408676 0.001173620158 0.000289359372 0.999999269443 0.301560772896
0.999980743659 0.006172267291 0.000644536957 36.453670890344 -0.006171524370 0.999980296608 -0.001148339481 -0.111605453929 -0.000651612116 0.001144339593 0.999999132944 0.318894537694
0.999979110597 0.006078481793 0.002197823720 37.853297759199 -0.006078953006 0.999981501407 0.000207783195 -0.117347865750 -0.002196520057 -0.000221139321 0.999997563196 0.332352452699
0.999979956985 0.005877235224 0.002354513634 39.241073503852 -0.005884095171 0.999978433231 0.002917275500 -0.116456282528 -0.002337317341 -0.002931071211 0.999992972860 0.348308184644
0.999979158507 0.006062146855 0.002221019590 40.636304216361 -0.006073559481 0.999968199944 0.005168266273 -0.120066597330 -0.002189618172 -0.005181648053 0.999984177923 0.362730309940
0.999977048557 0.006247774666 0.002620624138 42.043697314818 -0.006266561832 0.999954277546 0.007223089370 -0.115543241854 -0.002575376082 -0.007239345893 0.999970479219 0.373619983803
0.999979079925 0.005829959027 0.002802015349 43.448024713058 -0.005854154042 0.999944968720 0.008705653997 -0.115276067595 -0.002751107545 -0.008721875303 0.999958179275 0.389365744772
0.999981222683 0.005502985211 0.002696559983 44.868974812632 -0.005522550686 0.999958084398 0.007302799482 -0.118552955235 -0.002656259757 -0.007317554244 0.999969698383 0.404700257581
0.999986357651 0.004680774122 0.002318375565 46.278180822755 -0.004696551630 0.999965527309 0.006847378733 -0.122568573761 -0.002286244611 -0.006858173689 0.999973868928 0.421212158212
0.999988819140 0.003795316951 0.002820844734 47.705426620125 -0.003812864458 0.999973252316 0.006241531574 -0.126890740468 -0.002797080693 -0.006252217287 0.999976542784 0.435498453342
0.999989873216 0.002719092686 0.003586084297 49.113140512822 -0.002742297448 0.999975232631 0.006481815224 -0.124690032898 -0.003568370822 -0.006491583694 0.999972562659 0.448884259488
0.999991496428 0.001724582422 0.003746049613 50.531152656283 -0.001751001116 0.999973540465 0.007060620768 -0.119080565699 -0.003733773872 -0.007067120064 0.999968056863 0.461633325067
0.999992461997 0.000588376488 0.003837937169 51.967360286170 -0.000616979875 0.999972014197 0.007455880854 -0.119337752218 -0.003833442896 -0.007458192582 0.999964839421 0.475602893141
0.999987756933 -0.000700717709 0.004898467082 53.381189961758 0.000664646045 0.999972682017 0.007361621067 -0.111898276524 -0.004903491684 -0.007358275192 0.999960905014 0.485993690061
0.999981932763 -0.001379809921 0.005850664316 54.827323634482 0.001345479081 0.999981879523 0.005867734846 -0.105859386396 -0.005858654657 -0.005859756886 0.999965669118 0.496462159244
0.999979782147 -0.002069915349 0.006012549217 56.240033128646 0.002045223379 0.999989462473 0.004109988410 -0.100261516476 -0.006020993187 -0.004097608309 0.999973478272 0.507974895447
0.999980821163 -0.002713758985 0.005567119413 57.665776459425 0.002702348997 0.999994235006 0.002056031160 -0.099613895043 -0.005572666892 -0.002040947429 0.999982389804 0.523391128781
0.999979393637 -0.002599251862 0.005869939638 59.115306111427 0.002594192298 0.999996257153 0.000869394366 -0.093557179365 -0.005872177443 -0.000854148698 0.999982393826 0.533022308831
0.999975939918 -0.002316254356 0.006538696411 60.530095707918 0.002317694161 0.999997291538 -0.000212628711 -0.084357968611 -0.006538186199 0.000227778294 0.999978599890 0.546524665755
0.999972214262 -0.001884121529 0.007212543974 61.977572882653 0.001898333857 0.999996269190 -0.001964162793 -0.079293778428 -0.007208816344 0.001977800034 0.999972060247 0.556395036604
0.999974979373 -0.001558049792 0.006900225270 63.385831398344 0.001585628922 0.999990770107 -0.003993179427 -0.069155423893 -0.006893940010 0.004004020712 0.999968220200 0.568671151336
0.999980832797 -0.001211062440 0.006071850394 64.801503945695 0.001240733187 0.999987297504 -0.004885223902 -0.067807767677 -0.006065856955 0.004892663812 0.999969633149 0.581286585513
0.999983195614 -0.000641519302 0.005761678831 66.240019696115 0.000669562582 0.999987933887 -0.004866597025 -0.062164721671 -0.005758487294 0.004870373050 0.999971559241 0.599302198305
0.999983459604 -0.000033232614 0.005751470633 67.637034544780 0.000051666765 0.999994862638 -0.003205000609 -0.051201044313 -0.005751334575 0.003205244757 0.999978324043 0.612667500086
0.999976136499 0.000475535194 0.006892046061 69.073847257399 -0.000472546638 0.999999793630 -0.000435245886 -0.041719830717 -0.006892251613 0.000431978687 0.999976154847 0.625425444087
0.999965872905 0.001056235984 0.008193741003 70.471170123111 -0.001081794156 0.999994561905 0.003115426423 -0.029861560636 -0.008190405819 -0.003124184044 0.999961577625 0.637662462391
0.999958794194 0.001833266761 0.008890953063 71.894161158214 -0.001891643620 0.999976681219 0.006561913096 -0.017087273828 -0.008878716000 -0.006578461222 0.999938944261 0.648746651994
0.999961850136 0.002102673038 0.008478032772 73.284942473594 -0.002197424235 0.999935061634 0.011182300396 -0.009824291184 -0.008453969501 -0.011200503627 0.999901534711 0.656854332050
0.999965190101 0.002652134852 0.007911053459 74.686842379198 -0.002768267664 0.999888041080 0.014705169145 0.000067318842 -0.007871167655 -0.014726557173 0.999860576897 0.669240361664
0.999963993099 0.003405591884 0.007772673239 76.110237839069 -0.003536102410 0.999851953830 0.016839429972 0.010268421328 -0.007714174298 -0.016866308605 0.999827994782 0.682202002663
0.999960431316 0.003626779771 0.008122947198 77.478791846923 -0.003761719838 0.999854152959 0.016658999780 0.015022339798 -0.008061343966 -0.016688896857 0.999828232976 0.692920198897
0.999960285303 0.003700094745 0.008107842873 78.901412973287 -0.003821540733 0.999879967285 0.015014887541 0.011760666945 -0.008051313161 -0.015045275681 0.999854397418 0.704351023692
0.999969220139 0.003373681413 0.007083575973 80.277244917909 -0.003475292289 0.999890539902 0.014381604828 0.014051624852 -0.007034281651 -0.014405779661 0.999871487939 0.717016566267
0.999971113218 0.003044035277 0.006964666468 81.668314158884 -0.003141725512 0.999896233464 0.014058871380 0.014465576282 -0.006921148068 -0.014080346335 0.999876913203 0.732810895931
0.999971067667 0.002627183010 0.007138749104 83.062499475062 -0.002722735727 0.999906395147 0.013408491865 0.012371642327 -0.007102854321 -0.013427540853 0.999884618647 0.741951407078
0.999975563783 0.002072204525 0.006676661212 84.438746939106 -0.002161220219 0.999908511056 0.013352851578 0.017727950925 -0.006648380532 -0.013366955020 0.999888555565 0.759509183959
0.999974927419 0.001354842171 0.006950463030 85.838806262158 -0.001449804839 0.999905428241 0.013675987709 0.023920752997 -0.006931276907 -0.013685721632 0.999882322288 0.770427440168
0.999971100404 0.000141825873 0.007601200079 87.204837828225 -0.000238403508 0.999919244847 0.012706177601 0.028717624856 -0.007598784179 -0.012707622550 0.999890381396 0.783774070850
0.999962320142 -0.001298612521 0.008583233761 88.584321391289 0.001209158889 0.999944990833 0.010418888706 0.028069921181 -0.008596291704 -0.010408117630 0.999908883277 0.793587325732
0.999955399750 -0.002551153445 0.009093411229 89.979589243727 0.002476489272 0.999963209228 0.008212623858 0.031241562418 -0.009114028339 -0.008189737838 0.999924928523 0.806531537482
0.999953808958 -0.003573998964 0.008922246464 91.339424997439 0.003519094015 0.999974823492 0.006161847075 0.034469050195 -0.008944044268 -0.006130164229 0.999941210851 0.818216862405
0.999956658406 -0.004082163738 0.008367630974 92.713203014717 0.004040318418 0.999979279255 0.005011675218 0.043011701317 -0.008387916070 -0.004977650111 0.999952431800 0.829853994726
0.999957945841 -0.004641082225 0.007909924519 94.063453227954 0.004610924070 0.999982047791 0.003826679447 0.052336481339 -0.007927542453 -0.003790046458 0.999961394064 0.842910922790
0.999962243351 -0.004725587033 0.007292509879 95.446053835373 0.004694048127 0.999979582697 0.004335908271 0.065794162295 -0.007312850698 -0.004301513169 0.999964008952 0.855253742245
0.999967032264 -0.004838088944 0.006521294360 96.792815446348 0.004812304695 0.999980564960 0.003963763975 0.076728526414 -0.006540344661 -0.003932250843 0.999970880224 0.868372009808
0.999972596084 -0.004619928436 0.005784750902 98.147676978453 0.004593572537 0.999979047388 0.004561126574 0.092611470614 -0.005805701774 -0.004534428908 0.999972866023 0.882753914042
0.999974484005 -0.004188788950 0.005786655895 99.512359931629 0.004154936312 0.999974257793 0.005849808097 0.104663098287 -0.005811010545 -0.005825615647 0.999966146606 0.894980209998
0.999965762750 -0.004114770279 0.007179275201 100.847515263368 0.004069444165 0.999971769109 0.006316692903 0.119771484596 -0.007205064264 -0.006287260977 0.999954277654 0.909684843850
0.999956012277 -0.003894044017 0.008532873587 102.201369515080 0.003836833943 0.999970121416 0.006710810707 0.140230350412 -0.008558750829 -0.006677776295 0.999941075808 0.924096125383
0.999967406844 -0.003897822997 0.007070518030 103.542560592875 0.003853837342 0.999973204596 0.006223988109 0.150051007111 -0.007094588576 -0.006196536623 0.999955633889 0.939894924246
0.999983302737 -0.003786603696 0.004365303995 104.879965188691 0.003759162906 0.999973231921 0.006277271407 0.162924548604 -0.004388956683 -0.006260756705 0.999970769565 0.951283188342
0.999988517441 -0.003699497217 0.003046096937 106.220663203253 0.003682574022 0.999977858380 0.005542688708 0.173228266248 -0.003066534653 -0.005531407586 0.999979999748 0.963970164238
0.999984915044 -0.003576443390 0.004168781308 107.567509954656 0.003562654907 0.999988174619 0.003310303903 0.186142969852 -0.004180571125 -0.003295402038 0.999985831475 0.987253882962
0.999977674025 -0.002876157438 0.006031514677 108.893555272581 0.002874859682 0.999995842534 0.000223821535 0.195363427082 -0.006032133347 -0.000206476780 0.999981785201 1.001800852867
0.999975827743 -0.002021066465 0.006652760340 110.232480454849 0.002031449080 0.999996728739 -0.001554260332 0.205538194903 -0.006649597314 0.001567737506 0.999976662255 1.021171506362
0.999985962301 -0.001272647595 0.005143497775 111.566672535774 0.001282661811 0.999997287552 -0.001944136605 0.214125075183 -0.005141009623 0.001950706682 0.999984882267 1.036157437497
0.999996512024 -0.000530281608 0.002587419849 112.891426494162 0.000530652879 0.999999849007 -0.000142806297 0.222233040048 -0.002587343731 0.000144178821 0.999996642427 1.048222445420
0.999999850704 0.000437661807 0.000327176517 114.221424879667 -0.000438631337 0.999995495867 0.002969149376 0.226464422787 -0.000325875560 -0.002969292442 0.999995538544 1.072366276846
0.999997975828 0.002002163869 0.000199196613 115.549774701650 -0.002003224876 0.999982994649 0.005476997669 0.233256257432 -0.000188227379 -0.005477385618 0.999984981296 1.083456063436
0.999991926641 0.003374888323 0.002181004591 116.892912475507 -0.003389325105 0.999972145379 0.006649882878 0.241895797150 -0.002158501228 -0.006657221325 0.999975510838 1.101856063825
0.999980786914 0.004345674209 0.004420511074 118.214645749770 -0.004371660804 0.999973121057 0.005886063605 0.244688924950 -0.004394813341 -0.005905275491 0.999972906302 1.119444967248
0.999974547631 0.005152463881 0.004935200733 119.566376450747 -0.005179693784 0.999971345974 0.005520688743 0.244667049122 -0.004906614170 -0.005546111057 0.999972582519 1.135491317848
0.999972672258 0.006171898177 0.004069694052 120.916057758443 -0.006198003329 0.999960097134 0.006433420176 0.245636229605 -0.004029825245 -0.006458468342 0.999971023928 1.154768024026
0.999965433506 0.007491764035 0.003606281171 122.249395146165 -0.007519873665 0.999940950243 0.007845223235 0.246834363342 -0.003547293659 -0.007872070832 0.999962722909 1.171904356349
0.999957435082 0.008631368378 0.003259985214 123.598218798679 -0.008661612756 0.999918491073 0.009380174608 0.246754242354 -0.003178755754 -0.009408012071 0.999950691195 1.182104664796
0.999948779933 0.009906121568 0.002075154433 124.934799498001 -0.009927716127 0.999893810235 0.010668116332 0.242701748106 -0.001969254416 -0.010688171455 0.999940940770 1.201138399609
0.999938099371 0.011043183515 0.001358500979 126.280640863087 -0.011058388080 0.999869861250 0.011746174559 0.236604306078 -0.001228609024 -0.011760470294 0.999930088485 1.215007804978
0.999927756512 0.011971352249 0.001080963393 127.622597186816 -0.011982616625 0.999866628982 0.011096898049 0.229622998846 -0.000947974348 -0.011109049140 0.999937843254 1.234296556755
0.999914132052 0.012957897934 0.001954841026 128.960106160321 -0.012978384699 0.999856810734 0.010859077245 0.220957882046 -0.001813850299 -0.010883515477 0.999939127666 1.254912117659
0.999900482338 0.013766551164 0.003083421564 130.315548070509 -0.013793316782 0.999865840846 0.008834292362 0.209084644294 -0.002961390157 -0.008875943805 0.999956222937 1.269384549069
0.999895711856 0.014098120809 0.003131836832 131.653862174368 -0.014124119302 0.999864625040 0.008440429293 0.194782943428 -0.003012418668 -0.008483783493 0.999959474555 1.284736011108
0.999894572470 0.014134099875 0.003327336161 133.002662555549 -0.014156360785 0.999876911053 0.006764628060 0.180039370387 -0.003231314674 -0.006811017853 0.999971583917 1.303781773584
0.999894614443 0.013992992322 0.003867321356 134.348827195945 -0.014010659078 0.999891358844 0.004579513288 0.165483259100 -0.003802820112 -0.004633214394 0.999982035780 1.318467169821
0.999902656427 0.013510126731 0.003486279636 135.706580779828 -0.013520763030 0.999903952078 0.003045584527 0.150116531374 -0.003444798553 -0.003092425220 0.999989285077 1.337828886758
0.999917336301 0.012405550123 0.003379776717 137.049294197443 -0.012414139020 0.999919735219 0.002532246396 0.132659204392 -0.003348091531 -0.002573994089 0.999991082379 1.352558353374
0.999926779607 0.011320062454 0.004276869226 138.399890373132 -0.011322301892 0.999935775794 0.000499766569 0.119219019245 -0.004270937159 -0.000548153980 0.999990729269 1.364820784696
0.999936944382 0.010321489995 0.004424263161 139.775962845109 -0.010317734991 0.999946391662 -0.000870716025 0.106067666927 -0.004433013070 0.000825012747 0.999989833823 1.380988110803
0.999949477081 0.009099564776 0.004270972589 141.132993884360 -0.009092815152 0.999957384061 -0.001597114656 0.094338836096 -0.004285323625 0.001558198800 0.999989603955 1.394392839944
0.999960874281 0.008007979168 0.003757948414 142.469202415713 -0.008004045464 0.999967404614 -0.001060643694 0.090937679129 -0.003766319535 0.001030523405 0.999992376400 1.411991548933
0.999970672587 0.006958590012 0.003198748305 143.812700396629 -0.006953351476 0.999974470637 -0.001645897413 0.085719995033 -0.003210119768 0.001623607122 0.999993529495 1.418620822903
0.999980818863 0.006101088155 0.001067065582 145.162961734962 -0.006098080056 0.999977486645 -0.002799932514 0.073845995666 -0.001084124193 0.002793371756 0.999995510864 1.435452266747
0.999986052374 0.005280399036 0.000111546001 146.503185479775 -0.005279468854 0.999960611796 -0.007134568283 0.065604046918 -0.000149214975 0.007133879869 0.999974542422 1.462457945052
0.999986922337 0.004279615650 0.002800007899 147.874134455199 -0.004235455646 0.999869471941 -0.015591664304 0.056021300821 -0.002866368750 0.015579601092 0.999874522108 1.476716644407
0.999987509394 0.002753734331 0.004171091471 149.204148863124 -0.002649614711 0.999689780881 -0.024765329464 0.037783467443 -0.004237994657 0.024753968345 0.999684590485 1.481175435037
0.999997714018 0.001558927666 0.001463456189 150.533047712427 -0.001517966163 0.999618299687 -0.027585335062 0.029484096799 -0.001505901129 0.027583050526 0.999618380976 1.497275620090
0.999995354489 0.002073931246 -0.002233788123 151.903732843309 -0.002130452161 0.999669873439 -0.025604790821 0.025917321109 0.002179948115 0.025609430852 0.999669647873 1.519629153924
0.999987073815 0.002957622748 -0.004135779331 153.229620320493 -0.003051157923 0.999735487843 -0.022795718522 0.031869538049 0.004067264232 0.022808042776 0.999731589251 1.535258843034
0.999984198292 0.003910941247 -0.004038280019 154.592536937030 -0.003995895580 0.999766250348 -0.021247999539 0.029237945524 0.003954236395 0.021263800329 0.999766080046 1.564315490247
0.999988996821 0.004601987028 -0.000909918972 155.931795147967 -0.004623220991 0.999679188559 -0.024902726570 0.025779139876 0.000795025035 0.024906659317 0.999689464912 1.579595999543
0.999984162985 0.005127434744 0.002320170641 157.275517839807 -0.005051598364 0.999488175029 -0.031589069801 0.013516081218 -0.002480954014 0.031576848954 0.999498247861 1.595395473560
0.999981147514 0.005098049192 0.003422646920 158.644797124876 -0.004974549798 0.999368947461 -0.035170452172 -0.002205343779 -0.003599787745 0.035152762994 0.999375467371 1.613081542612
0.999980050556 0.005195183437 0.003592848253 159.984760566169 -0.005061130837 0.999325789038 -0.036364162543 -0.012192268660 -0.003779344410 0.036345253223 0.999332146548 1.633494013483
0.999972729902 0.006180040526 0.004043086915 161.356546182587 -0.006034955022 0.999370380938 -0.034963138049 -0.018311307732 -0.004256614920 0.034937784753 0.999380424276 1.640888082044
0.999967615666 0.007292050539 0.003404940286 162.687324707293 -0.007180464374 0.999471380854 -0.031708039746 -0.013618346942 -0.003634356998 0.031682563850 0.999491373948 1.650958574529
0.999964602275 0.008329574956 0.001188435441 164.070194412310 -0.008294765066 0.999606877079 -0.026782236067 -0.019346340190 -0.001411052882 0.026771430244 0.999640585137 1.672640567250
0.999958502412 0.009092078857 0.000572325473 165.408429743850 -0.009076421534 0.999691587525 -0.023115977230 -0.020217542649 -0.000782321248 0.023109823305 0.999732626276 1.688813069121
0.999953131819 0.009494173597 0.001896004311 166.762266572675 -0.009449591433 0.999707096458 -0.022280630917 -0.023345431300 -0.002106985143 0.022261670198 0.999749958066 1.698117804356
0.999955154053 0.009316033397 0.001703351186 168.152025218756 -0.009277259076 0.999725646638 -0.021507299190 -0.027347326845 -0.001903246584 0.021490532244 0.999767240250 1.714718106530
0.999961391832 0.008761015827 -0.000677824837 169.489773933959 -0.008772498814 0.999774060916 -0.019361569763 -0.031636310124 0.000508044670 0.019366768466 0.999812317473 1.731851017787
0.999958403034 0.008391608658 -0.003573948338 170.882884808737 -0.008444700495 0.999850196118 -0.015108684831 -0.034750364114 0.003446626777 0.015138237279 0.999879470004 1.754593249900
0.999954923123 0.008223630976 -0.004745905077 172.243821190048 -0.008264143002 0.999929035421 -0.008580679617 -0.039393575670 0.004675003943 0.008619513665 0.999951923005 1.779890570903
0.999956527128 0.008534953617 -0.003754786438 173.602772987513 -0.008551359407 0.999953865042 -0.004375161605 -0.038471298034 0.003717271410 0.004407079933 0.999983379632 1.801651184417
0.999955259119 0.009328106492 -0.001570410455 174.988199906600 -0.009330828824 0.999954961330 -0.001735207718 -0.037460049783 0.001554153524 0.001749783315 0.999997261429 1.823615983767
0.999954730319 0.009497694684 0.000575419896 176.363099834770 -0.009496487010 0.999952772336 -0.002066357020 -0.043583526736 -0.000595018349 0.002060799009 0.999997699528 1.839755848499
0.999961045708 0.008693716725 0.001525239880 177.753867502911 -0.008686775751 0.999952144584 -0.004499829814 -0.056887978221 -0.001564287135 0.004486405109 0.999988712524 1.858610349280
0.999973232125 0.007129882659 0.001643109130 179.133666197816 -0.007117047674 0.999945110676 -0.007689165595 -0.066312825487 -0.001697841789 0.007677265686 0.999969087985 1.865615654408
0.999984067492 0.005117643403 -0.002382118618 180.531320965610 -0.005136292881 0.999955683799 -0.007889799312 -0.072425946614 0.002341635872 0.007901908866 0.999966037712 1.890432785222
0.999971003592 0.003773206126 -0.006614748001 181.935622758549 -0.003805166925 0.999981115807 -0.004825840326 -0.074141493979 0.006596414196 0.004850870614 0.999966477625 1.919157537966
0.999965748624 0.003346804626 -0.007569707957 183.327990951419 -0.003351391589 0.999994208033 -0.000593359426 -0.063926838539 0.007567678255 0.000618708159 0.999971173308 1.939980873505
0.999974070951 0.003203002437 -0.006449666743 184.712417576903 -0.003179709115 0.999988397613 0.003618575513 -0.056212027957 0.006461182218 -0.003597973623 0.999972653481 1.966514842238
0.999989626789 0.003292220338 -0.003147633856 186.110780390330 -0.003277296785 0.999983421036 0.004734657147 -0.054720457964 0.003163169206 -0.004724292304 0.999983837581 1.987800870487
0.999992505902 0.003765411445 -0.000899898311 187.501437945069 -0.003761017827 0.999981237794 0.004835163446 -0.051764508071 0.000918087806 -0.004831742677 0.999987905616 2.012079444783
0.999992036709 0.003990798587 0.000006700893 188.916068930539 -0.003990789285 0.999982293865 0.004414244845 -0.049418944408 0.000010915588 -0.004414236435 0.999990257151 2.030842632375
0.999992458012 0.003830080303 0.000643742164 190.316977694288 -0.003832068684 0.999987801370 0.003116466217 -0.049735198397 -0.000631797995 -0.003118909576 0.999994936604 2.051437221880
0.999991607187 0.003925849740 0.001171861745 191.713884938567 -0.003925821848 0.999992293591 -0.000026100695 -0.055328445760 -0.001171955181 0.000021499955 0.999999313029 2.068914994500
0.999989840428 0.004325018403 0.001270140228 193.127069994678 -0.004321902812 0.999987670182 -0.002445534848 -0.056062337999 -0.001280701551 0.002440020579 0.999996203044 2.087110139902
0.999985765905 0.004846538157 0.002231379856 194.541753669556 -0.004833769226 0.999972113517 -0.005692702605 -0.062255466757 -0.002258907532 0.005681835599 0.999981306866 2.104450114667
0.999978795755 0.005339145664 0.003728480137 195.965614909979 -0.005300989569 0.999934236591 -0.010169660914 -0.067622889789 -0.003782532241 0.010149680640 0.999941336496 2.118334029772
0.999976978828 0.005654536117 0.003750737939 197.381197596525 -0.005601192297 0.999885135209 -0.014083431178 -0.075933648856 -0.003829942381 0.014062098356 0.999893788825 2.130580196186
0.999982465156 0.005912497565 -0.000334294630 198.805642510951 -0.005915969797 0.999915567628 -0.011569741390 -0.076401082282 0.000265860337 0.011571516194 0.999933012422 2.150885026546
0.999963840192 0.006481681151 -0.005505099197 200.236284182894 -0.006502802546 0.999971531488 -0.003827502167 -0.070379196367 0.005480133826 0.003863162338 0.999977521802 2.174240826244
0.999952692566 0.007774064873 -0.005846070911 201.674679733516 -0.007738168648 0.999951221756 0.006137984604 -0.058749666673 0.005893502841 -0.006092456349 0.999964073655 2.194925077656
0.999956473110 0.009145488857 -0.001847137936 203.113104968617 -0.009120304164 0.999871132347 0.013211311454 -0.044813172660 0.001967723801 -0.013193889947 0.999911020707 2.217028680857
0.999949942934 0.009995644694 0.000445773428 204.557821673761 -0.010001004708 0.999847410108 0.014322583717 -0.046844951408 -0.000302541949 -0.014326324952 0.999897327170 2.235075609354
0.999954722184 0.009490919660 0.000689946466 205.993985909727 -0.009498949970 0.999873526364 0.012755439073 -0.055276607117 -0.000568798358 -0.012761415301 0.999918408045 2.249870483138
0.999964277214 0.008419564736 0.000745134049 207.438999901269 -0.008426250272 0.999919590349 0.009476874097 -0.065809138937 -0.000665282978 -0.009482814242 0.999954815795 2.268452022010
0.999972921094 0.007350457337 0.000357570499 208.886176819232 -0.007352785532 0.999948355036 0.007015967930 -0.078332669866 -0.000305981459 -0.007018407084 0.999975323864 2.288130089831
0.999976657905 0.006816200589 -0.000472287469 210.349336478940 -0.006812406989 0.999947795115 0.007615652079 -0.081678441008 0.000524172626 -0.007612256899 0.999970888970 2.305178027668
0.999976575660 0.006841338091 -0.000210297504 211.808011717857 -0.006839165352 0.999936005629 0.009011684848 -0.085484560633 0.000271936029 -0.009010035496 0.999959371830 2.326518542664
0.999977865382 0.006611965157 0.000742066268 213.262402118917 -0.006619062801 0.999928003677 0.010008769700 -0.084270648802 -0.000675835206 -0.010013459943 0.999949635665 2.344095832335
0.999979774444 0.006338716057 0.000520943459 214.721643848644 -0.006343332384 0.999935724525 0.009397284296 -0.085713927487 -0.000461343258 -0.009400398748 0.999955708852 2.367676505279
0.999981169790 0.006099080929 -0.000679174341 216.190008698829 -0.006092372193 0.999936534919 0.009476768153 -0.093292993776 0.000736930813 -0.009472451920 0.999954863775 2.385012413728
0.999982470253 0.005843894617 -0.000952933266 217.663398281755 -0.005835473918 0.999945887919 0.008612112283 -0.093603783776 0.001003209978 -0.008606400498 0.999962461016 2.404309803520
0.999985267225 0.005348545696 -0.000926494215 219.142409228815 -0.005340275875 0.999947811090 0.008709566577 -0.094663016690 0.000973029377 -0.008704490526 0.999961641794 2.423135908107
0.999986182254 0.005091783165 -0.001307304413 220.611961312195 -0.005079625341 0.999945321537 0.009140642311 -0.094853064724 0.001353775101 -0.009133875391 0.999957368898 2.444801775444
0.999987037781 0.004856279541 -0.001529973415 222.092216053700 -0.004842518458 0.999948907031 0.008873181058 -0.097656187385 0.001572985892 -0.008865657117 0.999959462098 2.465290684759
0.999988858114 0.004413394694 -0.001674991335 223.572801612381 -0.004396499760 0.999940736107 0.009959671908 -0.093165358194 0.001718848032 -0.009952196840 0.999948998369 2.485774866722
0.999989985115 0.004034590397 -0.001936943552 225.058738948479 -0.004015034632 0.999941977085 0.009996097290 -0.092810102131 0.001977161323 -0.009988220285 0.999948161801 2.508272283569
0.999991176685 0.003751637278 -0.001889912914 226.546191710000 -0.003732115434 0.999940715300 0.010229232638 -0.094443270480 0.001928177241 -0.010222089009 0.999945894051 2.528488651242
0.999991573641 0.003681190287 -0.001816999186 228.033309587077 -0.003664086767 0.999949777368 0.009328301515 -0.091087121793 0.001851247185 -0.009321565269 0.999954839633 2.552358631384
0.999990219283 0.003820740539 -0.002227842196 229.527232045842 -0.003801345920 0.999955399298 0.008645761033 -0.095017418718 0.002260776043 -0.008637207673 0.999960142973 2.575104226788
0.999990974432 0.003859711817 -0.001775859873 231.006612351746 -0.003846502074 0.999965349160 0.007382743414 -0.090047797478 0.001804293600 -0.007375845932 0.999971170295 2.595962270698
0.999991528732 0.003979794482 -0.001050571616 232.500676853657 -0.003973932462 0.999976845449 0.005524167594 -0.093434621138 0.001072532343 -0.005519945897 0.999984189811 2.618982866159
0.999992120381 0.003902327670 -0.000728707286 234.016092232074 -0.003898626842 0.999979836084 0.005012796946 -0.094506984569 0.000748254168 -0.005009916489 0.999987170344 2.639931806146
0.999992100817 0.003828714794 -0.001067354760 235.509394494552 -0.003823030525 0.999978765001 0.005277687379 -0.090304550377 0.001087538854 -0.005273565160 0.999985503280 2.663154607676
0.999989258019 0.004199449196 -0.001961752689 237.028196511818 -0.004185387605 0.999965909059 0.007117812147 -0.092968543305 0.001991576701 -0.007109524992 0.999972743767 2.691446028357
0.999988348851 0.004677613824 -0.001192514625 238.522165019682 -0.004667309542 0.999952965756 0.008501911419 -0.090450327299 0.001232227194 -0.008496246527 0.999963147026 2.715390839338
0.999986133727 0.005178989964 0.000954157402 240.023673693073 -0.005185762126 0.999960363848 0.007237306367 -0.088384230528 -0.000916637646 -0.007242154046 0.999973355135 2.728699547487
0.999982581653 0.005749821755 0.001332643893 241.555030003110 -0.005758390882 0.999962176963 0.006518096164 -0.090186705190 -0.001295115597 -0.006525656514 0.999977868996 2.749438593613
0.999980720465 0.006204094735 -0.000260591230 243.050435844038 -0.006201884540 0.999950621702 0.007764714207 -0.090683181872 0.000308751385 -0.007762948350 0.999969820197 2.773441408130
0.999974574865 0.006928404102 -0.001687258371 244.590541991182 -0.006913429881 0.999938040680 0.008724636834 -0.097462508038 0.001747601640 -0.008712750266 0.999960516156 2.798697289954
0.999974078145 0.007072491174 -0.001350150248 246.081209198475 -0.007059575113 0.999931435235 0.009342763370 -0.097928309632 0.001416134287 -0.009332989701 0.999955443941 2.815570055923
0.999974951774 0.007070801198 -0.000315585533 247.601004868065 -0.007067794791 0.999937322936 0.008683114458 -0.101296564084 0.000376962329 -0.008680666468 0.999962251252 2.838002232542
0.999976460483 0.006852925782 0.000340423316 249.147868886141 -0.006855448677 0.999943979900 0.008064730936 -0.105066616539 -0.000285137243 -0.008066874851 0.999967421583 2.861852031056
0.999979004821 0.006477904841 0.000163298077 250.652987748303 -0.006479080559 0.999941153500 0.008701209813 -0.108004042550 -0.000106922858 -0.008702085151 0.999962130424 2.886518608850
0.999978284048 0.006589768548 0.000079893025 252.206477911349 -0.006590240990 0.999925986405 0.010226946583 -0.110345363567 -0.000012493901 -0.010227251009 0.999947700223 2.908842216456
0.999976939335 0.006790078576 0.000125024826 253.713018252323 -0.006791061206 0.999912300402 0.011369828150 -0.113627469489 -0.000047811835 -0.011370415006 0.999935353599 2.933893207960
0.999976336082 0.006875131703 0.000244623488 255.269853165441 -0.006877621305 0.999900646315 0.012304301053 -0.118310443979 -0.000160005493 -0.012305692313 0.999924269300 2.951041494365
0.999976231596 0.006886066669 0.000343989108 256.799421725855 -0.006889225843 0.999923933456 0.010230633822 -0.122312739975 -0.000273514115 -0.010232760474 0.999947606529 2.978374457036
0.999976901336 0.006723880706 0.000993087312 258.337451192675 -0.006732660018 0.999935757404 0.009118791242 -0.129493772403 -0.000931709849 -0.009125266730 0.999957929827 2.998317541683
0.999975456107 0.006735698501 0.001928094557 259.885726450758 -0.006745020951 0.999965392832 0.004870095501 -0.135679101093 -0.001895224336 -0.004882981008 0.999986282217 3.017863571176
0.999979667590 0.006339570127 0.000688664049 261.417015259799 -0.006342071757 0.999973068622 0.003693258320 -0.146043827119 -0.000665231832 -0.003697550784 0.999992942768 3.045192134565
0.999980824874 0.006174791300 -0.000470995160 262.961152318749 -0.006172222247 0.999967045015 0.005273761056 -0.152148933850 0.000503544013 -0.005270752844 0.999985982706 3.072867633625
0.999976077826 0.006767512566 0.001429877687 264.487494732169 -0.006771021357 0.999974041914 0.002463487128 -0.161784525627 -0.001413168890 -0.002473109928 0.999995943332 3.093335332663
0.999969207004 0.007097782762 0.003347614736 266.035491472635 -0.007089942185 0.999972108905 -0.002348218812 -0.159216906646 -0.003364188515 0.002324412108 0.999991639637 3.104847334010
0.999971707423 0.007171580406 0.002269975531 267.603531577453 -0.007165425890 0.999970661575 -0.002707888792 -0.170551342097 -0.002289328776 0.002691546837 0.999993757255 3.132698924815
0.999972136288 0.007386550470 0.001079592402 269.123632200423 -0.007383740038 0.999969400058 -0.002584439936 -0.176785842613 -0.001098649463 0.002576396494 0.999996077568 3.151589037761
0.999966506752 0.008145188027 0.000800803376 270.679882463857 -0.008143814092 0.999965386327 -0.001704241800 -0.179017724893 -0.000814657027 0.001697663125 0.999998227135 3.173173103313
0.999956778201 0.009253780918 0.000899593069 272.210606411756 -0.009253015140 0.999956827213 -0.000851716785 -0.181249201240 -0.000907435831 0.000843356024 0.999999232655 3.194185244031
0.999949167985 0.010070616802 0.000494087726 273.757135824157 -0.010071216122 0.999948532600 0.001225870077 -0.186145991653 -0.000481717029 -0.001230783828 0.999999126560 3.215922783301
0.999938763228 0.011064453817 0.000218301111 275.316310013080 -0.011064945915 0.999935903815 0.002399006789 -0.193186866572 -0.000191743419 -0.002401275372 0.999997098551 3.237290211772
0.999930259633 0.011809699072 -0.000082939150 276.844300346448 -0.011809441940 0.999926848526 0.002614321665 -0.200259198207 0.000113807435 -0.002613159876 0.999996579216 3.260106525055
0.999918707728 0.012729680779 -0.000730179774 278.394599157287 -0.012727243905 0.999913723046 0.003250188647 -0.210204317471 0.000771490640 -0.003240631255 0.999994451540 3.284068393887
0.999907451812 0.013542030332 -0.001304310445 279.923552211552 -0.013537824658 0.999903299491 0.003181032881 -0.222343782085 0.001347261961 -0.003163080956 0.999994089885 3.311089059900
0.999896602772 0.014332748735 -0.001164507659 281.465665687263 -0.014328901422 0.999892062071 0.003247582265 -0.239520941920 0.001210928745 -0.003230560359 0.999994048548 3.334479745745
0.999886507780 0.015065482948 -0.000052751722 283.037043297667 -0.015065386903 0.999885385526 0.001499976571 -0.258100455060 0.000075343548 -0.001499011610 0.999998873643 3.359371630401
0.999882929059 0.015300583226 0.000142580207 284.574825434816 -0.015300530636 0.999882874168 -0.000362916711 -0.275806332021 -0.000148116344 0.000360692671 0.999999923981 3.378901588789
0.999878972596 0.015376229761 -0.002368906726 286.139391979336 -0.015378531438 0.999881285905 -0.000956486996 -0.291449204371 0.002353918340 0.000992801542 0.999996736701 3.409751820321
0.999876535840 0.014970875209 -0.004773465439 287.680380030497 -0.014969807034 0.999887912506 0.000259426172 -0.312579894417 0.004776814230 -0.000187936285 0.999988573298 3.433498433201
0.999887772726 0.014184471241 -0.004821071309 289.228417911518 -0.014188057116 0.999899092089 -0.000710405191 -0.330819311742 0.004810508103 0.000778727099 0.999988126227 3.457319468701
0.999898446176 0.013491435825 -0.004591132216 290.799849583147 -0.013505805220 0.999903945567 -0.003113336748 -0.347658445656 0.004548687835 0.003175027514 0.999984614201 3.485210169369
0.999909601905 0.012276410576 -0.005484319646 292.351873796358 -0.012291774454 0.999920598371 -0.002776550861 -0.361449508760 0.005449798104 0.002843711887 0.999981106323 3.513060769150
0.999913060442 0.011821465022 -0.005841619798 293.924362358962 -0.011835482986 0.999927147304 -0.002370955062 -0.374122142468 0.005813166058 0.002439887324 0.999980126828 3.542621353078
0.999923447738 0.011113204138 -0.005440161459 295.485977675510 -0.011126651824 0.999935100513 -0.002447934035 -0.383610936263 0.005412604004 0.002508277423 0.999982205973 3.568763286702
0.999933582800 0.010245650286 -0.005277938815 297.056214191608 -0.010261182664 0.999943076792 -0.002924261690 -0.390851937671 0.005247677415 0.002978225363 0.999981795862 3.600506914209
0.999950246732 0.009090843318 -0.004106169616 298.644360742264 -0.009103704071 0.999953679588 -0.003124300020 -0.402011071213 0.004077576895 0.003161525929 0.999986688972 3.626108379006
0.999961544050 0.008372541037 -0.002609785145 300.223986148850 -0.008377948638 0.999962765882 -0.002068048836 -0.408861351180 0.002592373148 0.002089833953 0.999994456082 3.651730222772
0.999955686578 0.009036315835 -0.002640052467 301.807715840685 -0.009041661237 0.999957083338 -0.002019862607 -0.415232534813 0.002621687048 0.002043643560 0.999994475124 3.672985960998
0.999943965055 0.010145955437 -0.003020983113 303.398870692557 -0.010148513399 0.999948155875 -0.000832609176 -0.422436012220 0.003012378877 0.000863221009 0.999995090199 3.697334952177
