1.000000000000 0.000000000000 0.000000000000 0.000000000000 0.000000000000 1.000000000000 0.000000000000 0.000000000000 0.000000000000 0.000000000000 1.000000000000 0.000000000000
0.999999236816 -0.001124454086 -0.000511831342 0.534515881197 0.001121299033 0.999980623463 -0.006123347682 -0.011340309123 0.000518706848 0.006122769093 0.999981121143 0.033131525147
0.999997254789 -0.001976129174 -0.001259097983 1.076925430298 0.001967444360 0.999974521093 -0.006861947774 -0.014139806621 0.001272625998 0.006859451732 0.999975663876 0.102974126924
0.999991906053 -0.003710793614 -0.001554939953 1.614750383955 0.003701321929 0.999974844995 -0.006050586134 -0.008093876561 0.001577353315 0.006044781828 0.999980486094 0.160143109232
0.999979922397 -0.005629444288 -0.002909323092 2.159465114221 0.005608829956 0.999959447683 -0.007045850933 -0.008987576119 0.002948869337 0.007029391571 0.999970945490 0.200012732960
0.999963880859 -0.007187817999 -0.004535664119 2.717284638929 0.007144315889 0.999929013774 -0.009535521096 -0.005578360891 0.004603881740 0.009502772464 0.999944249240 0.219837967334
0.999947440631 -0.008680426845 -0.005455837748 3.279425577359 0.008622182168 0.999906538320 -0.010610023515 0.000258236611 0.005547427369 0.010562424632 0.999928828085 0.227812065056
0.999938513584 -0.009968366942 -0.004858056319 3.857262567948 0.009914327952 0.999890087876 -0.011023532504 0.006752101722 0.004967408977 0.010974690343 0.999927437877 0.231151077935
0.999923654841 -0.011259003408 -0.005091103104 4.435784027802 0.011201064253 0.999873761950 -0.011269264594 0.017912926211 0.005217341101 0.011211378467 0.999923539249 0.243524661027
0.999897928969 -0.012189669617 -0.007452757742 5.029638266924 0.012110395969 0.999870576171 -0.010590996971 0.025058860687 0.007580893931 0.010499660090 0.999916140076 0.261531724027
0.999848432276 -0.013406833813 -0.011107172547 5.621218813318 0.013312271929 0.999874882008 -0.008544222948 0.039863865671 0.011220333817 0.008395066219 0.999901808665 0.287241958860
0.999782670849 -0.014648267525 -0.014833722660 6.223290320935 0.014554092049 0.999873364204 -0.006436921556 0.053479761240 0.014926133929 0.006219631260 0.999869254809 0.304282298258
0.999754689468 -0.015771004733 -0.015551086654 6.845492864772 0.015697647104 0.999865127830 -0.004828045735 0.069520021217 0.015625132377 0.004582745894 0.999867418050 0.317392007053
0.999815750919 -0.016924998047 -0.009055863072 7.483329770198 0.016905710576 0.999854663148 -0.002202165224 0.083574003126 0.009091818564 0.002048663677 0.999956569963 0.331193780122
0.999845796408 -0.017516959409 0.001240781110 8.144152449270 0.017518606534 0.999845653783 -0.001329299138 0.096142505400 -0.001217304321 0.001350830912 0.999998346712 0.352554745396
0.999797619180 -0.018457298942 0.008003049220 8.816137564490 0.018461330497 0.999829482579 -0.000430164427 0.110779419419 -0.007993744887 0.000577824307 0.999967882565 0.365863272186
0.999776722400 -0.019649273044 0.007772478098 9.488760359934 0.019638061506 0.999806005064 0.001516172562 0.130033790593 -0.007800761965 -0.001363197632 0.999968644411 0.380925691113
0.999796838463 -0.020156117349 -0.000112838429 10.172641666100 0.020156419781 0.999786964806 0.004443393402 0.147239755294 0.000023252832 -0.004444765094 0.999990121712 0.386492288504
0.999745908111 -0.021175545336 -0.007727580106 10.881901401244 0.021207218144 0.999766938993 0.004039999523 0.167567244097 0.007640229916 -0.004202853469 0.999961980732 0.387826625104
0.999723755636 -0.022325761993 -0.007346616131 11.613800469790 0.022343083043 0.999747752918 0.002284113774 0.180089182301 0.007293768388 -0.002447628855 0.999970404590 0.402167908908
0.999734922590 -0.022928332190 0.002091921934 12.370557555086 0.022926420070 0.999736719263 0.000933499259 0.196315803645 -0.002112774752 -0.000885291529 0.999997376217 0.419077848227
0.999686944335 -0.023294270232 0.009131828992 13.148628217480 0.023293165874 0.999728651567 0.000227287607 0.210193577054 -0.009134645583 -0.000014507246 0.999958278149 0.426450410486
0.999652325782 -0.023798878021 0.011350813331 13.934627910616 0.023805789652 0.999716489582 -0.000474168810 0.229940486541 -0.011336310571 0.000744219028 0.999935465018 0.433471039819
0.999654877367 -0.024057310378 0.010553292080 14.737680149134 0.024085864944 0.999706546131 -0.002587031626 0.248723349232 -0.010487958153 0.002840323950 0.999940965904 0.440123100384
0.999690950466 -0.023543707694 0.007981064151 15.563812219318 0.023569204088 0.999717352449 -0.003115739176 0.269624187041 -0.007905452271 0.003302883588 0.999963296719 0.437521677978
0.999728537392 -0.022875538319 0.004422812566 16.386949589075 0.022877420280 0.999738207097 -0.000375383458 0.289534324745 -0.004413067607 0.000476464097 0.999990148860 0.429081305359
0.999765080800 -0.021650816912 -0.001012590678 17.241267540731 0.021647050189 0.999759216546 -0.003593626160 0.305694204381 0.001090151805 0.003570862347 0.999993030231 0.427168008224
0.999751462999 -0.021066336025 -0.007295321653 18.103938270272 0.021021067254 0.999759639183 -0.006227245943 0.319869058927 0.007424753399 0.006072342794 0.999953998787 0.437518633689
0.999725266807 -0.019672234683 -0.012743394003 18.995233461129 0.019600729024 0.999791570478 -0.005712006965 0.339050110368 0.012853105845 0.005460657875 0.999902484688 0.449583544352
0.999715337179 -0.019490513288 -0.013760977478 19.894770153621 0.019444164987 0.999804839493 -0.003493905413 0.361468626002 0.013826389889 0.003225340111 0.999899208982 0.458023991580
0.999721579704 -0.019756339213 -0.012901555499 20.815741238088 0.019708455208 0.999798440695 -0.003828155825 0.384620046116 0.012974585415 0.003572820260 0.999909443444 0.472955266542
0.999714326218 -0.019457278914 -0.013880931231 21.753389017933 0.019416844893 0.999806848210 -0.003041776942 0.402613478654 0.013937434807 0.002771384098 0.999899028573 0.492489957297
0.999684664929 -0.019141450703 -0.016253478730 22.706092316935 0.019144994778 0.999816715840 0.000062467332 0.426753414291 0.016249304009 -0.000373620399 0.999867901539 0.514657907925
0.999667515320 -0.019119240460 -0.017300677980 23.673427907416 0.019190027909 0.999808111425 0.003934864457 0.452632303270 0.017222126558 -0.004265556668 0.999842589303 0.532495244133
0.999672058200 -0.019013736951 -0.017153829377 24.637055899846 0.019109840686 0.999802503309 0.005456039429 0.479195602135 0.017046701854 -0.005782057112 0.999837975760 0.552879138950
0.999670796921 -0.019099056139 -0.017132537380 25.618635329178 0.019202968982 0.999798071389 0.005921353659 0.500845135982 0.017015985565 -0.006248399915 0.999835693369 0.573780057506
0.999669106305 -0.019235723188 -0.017078198160 26.598890782235 0.019343722907 0.999793784608 0.006181314010 0.523545638067 0.016955774327 -0.006509624585 0.999835049648 0.600856887043
0.999682772120 -0.019525453139 -0.015909487954 27.595747236555 0.019634597712 0.999784549692 0.006733258536 0.544747346480 0.015774590325 -0.007043498955 0.999850764576 0.623150399430
0.999709091955 -0.019652869495 -0.013981994967 28.609778896990 0.019753057066 0.999779935452 0.007063809460 0.563651589648 0.013840093900 -0.007337941686 0.999877295678 0.644909962293
0.999718543472 -0.019908950756 -0.012902229180 29.616325296334 0.020005255987 0.999772646811 0.007378646251 0.583249669538 0.012752394712 -0.007634681880 0.999889537930 0.667144047803
0.999704559547 -0.020015354768 -0.013790547296 30.641616596538 0.020111369347 0.999774216670 0.006859191205 0.605607092357 0.013650144475 -0.007134511513 0.999881379115 0.691955855378
0.999685923336 -0.020176682623 -0.014864594241 31.656534650403 0.020314116171 0.999751744700 0.009153450389 0.631771879776 0.014676217763 -0.009452536598 0.999847617482 0.725239354912
0.999691496700 -0.020473541656 -0.014062201708 32.685646472349 0.020608806563 0.999742076259 0.009542434185 0.658084867814 0.013863207308 -0.009829295507 0.999855587789 0.755202311726
0.999711198994 -0.021130165100 -0.011447040197 33.742782073693 0.021226009638 0.999740107527 0.008317085883 0.679441187429 0.011268323799 -0.008557658886 0.999899890666 0.786645771842
0.999736919553 -0.021447974062 -0.008128720185 34.796472264591 0.021515976010 0.999733445602 0.008372605449 0.698433412964 0.007946978015 -0.008545300128 0.999931909375 0.809424294254
0.999743674736 -0.021933330677 -0.005613718171 35.867510051520 0.021977522081 0.999726972680 0.007935276918 0.718119851675 0.005438138420 -0.008056618521 0.999952757658 0.825869335275
0.999731895465 -0.022576202436 -0.005143177426 36.923672245181 0.022614405813 0.999716166352 0.007495023987 0.747098879647 0.004972508441 -0.007609324438 0.999958685317 0.842543384627
0.999714964453 -0.022920381117 -0.006681764660 38.002649277002 0.022969244451 0.999709298064 0.007330291490 0.773288489550 0.006511809184 -0.007481677182 0.999950809214 0.864380615990
0.999698615206 -0.023466628235 -0.007210833078 39.073368955482 0.023523720494 0.999691768113 0.007937464434 0.799170785532 0.007022344942 -0.008104697825 0.999942498619 0.882485343147
0.999690119442 -0.024105426090 -0.006212368558 40.151176624906 0.024155128893 0.999675780636 0.008053779112 0.828255040005 0.006016214610 -0.008201343965 0.999948270221 0.904309913925
0.999680971465 -0.024945048645 -0.003962302232 41.233527996625 0.024975544018 0.999657296278 0.007842971326 0.859813505348 0.003765301035 -0.007939429848 0.999961393236 0.929817265368
0.999668374638 -0.025695968869 -0.001690541827 42.303980219816 0.025708105934 0.999640609356 0.007599040428 0.887775869978 0.001494669556 -0.007639981022 0.999969697867 0.949015887944
0.999656287649 -0.026180719183 -0.001369856495 43.384575888664 0.026190037685 0.999630358611 0.007295756971 0.919820308824 0.001178341975 -0.007329125922 0.999972447332 0.964278374983
0.999635519610 -0.026470526667 -0.005304634984 44.447175969224 0.026518923289 0.999605321363 0.009270825748 0.960033598719 0.005057137718 -0.009408119922 0.999942954692 0.988286522497
0.999606634273 -0.026369427976 -0.009551438884 45.528352188643 0.026480827699 0.999580489920 0.011730726155 0.992455893787 0.009238099421 -0.011979041697 0.999885573493 1.006396635155
0.999600655714 -0.026389030604 -0.010106837285 46.595212560530 0.026525159402 0.999555894716 0.013580473364 1.028517438163 0.009743973258 -0.013843135550 0.999856701024 1.029981622005
0.999627308708 -0.026346197203 -0.007149935551 47.683844590209 0.026433056450 0.999574436258 0.012338553683 1.061520790735 0.006821818829 -0.012522949861 0.999898314087 1.051883918629
0.999644968325 -0.026125131606 -0.005235914458 48.768502848681 0.026193852121 0.999565495918 0.013516711188 1.090960678257 0.004880513573 -0.013649061097 0.999894936340 1.069834422771
0.999650136973 -0.026168181689 -0.003850963214 49.839288517514 0.026209371903 0.999595230502 0.011065440855 1.121686760954 0.003559841995 -0.011162500793 0.999931360695 1.091705471586
0.999662241478 -0.025623964476 -0.004337673062 50.919485989425 0.025675566521 0.999594768453 0.012290816324 1.156096964358 0.004020975859 -0.012398037209 0.999915056606 1.112603740405
0.999662008858 -0.025168090525 -0.006514235657 51.994935073438 0.025237945176 0.999622340460 0.010873020604 1.188506811427 0.006238122327 -0.011033751541 0.999919667852 1.134889322621
0.999650278730 -0.024935319818 -0.008806251236 53.067744273242 0.025047102378 0.999604067298 0.012819957211 1.221981669526 0.008483094820 -0.013036044875 0.999879042003 1.152187673608
0.999636625343 -0.024593248225 -0.011035824173 54.153749117798 0.024721582063 0.999626524187 0.011647125080 1.252513189536 0.010745261921 -0.011915715843 0.999871269245 1.180938144221
0.999598087218 -0.024527515259 -0.014214957782 55.227036890321 0.024672709377 0.999644252764 0.010130416010 1.282608808620 0.013961426917 -0.010477065989 0.999847643217 1.211214031735
0.999577271233 -0.024147863813 -0.016191340542 56.313214063918 0.024298671001 0.999662567392 0.009182915806 1.309773134052 0.015964129256 -0.009572461981 0.999826742265 1.241506208789
0.999615597606 -0.023985986062 -0.013904297747 57.389752914819 0.024091605684 0.999681778176 0.007479098765 1.339590452181 0.013720479538 -0.007811200640 0.999875359025 1.272682543840
0.999681901298 -0.023926353272 -0.007976580430 58.477446114891 0.023976460310 0.999693008458 0.006246454226 1.362048641120 0.007824676816 -0.006435717401 0.999948676670 1.300033838479
0.999714607014 -0.023814300758 -0.001893040266 59.562846996427 0.023823625024 0.999703341981 0.005065858524 1.386797499345 0.001771838802 -0.005109511845 0.999985376631 1.324290808923
0.999715114188 -0.023855624111 -0.000774378592 60.640279556201 0.023858058476 0.999709898126 0.003303427849 1.413305873774 0.000695348610 -0.003320961919 0.999994243835 1.347904641430
0.999720356766 -0.023339330911 -0.003805772022 61.722637539228 0.023341120414 0.999727467976 0.000426465708 1.436964817925 0.003794781403 -0.000515177433 0.999992667086 1.364369252752
0.999705930679 -0.023153628717 -0.007208442390 62.801539070338 0.023148285661 0.999731703133 -0.000823785546 1.463943719722 0.007225582012 0.000656680213 0.999973679521 1.381021149046
0.999671547396 -0.023138215746 -0.011019087919 63.884955093739 0.023147331845 0.999731819226 0.000700468361 1.493864159807 0.010999925223 -0.000955300775 0.999939042665 1.401865446392
0.999619851028 -0.022980592290 -0.015233049903 64.964423352298 0.022998958665 0.999734956742 0.001031585632 1.524808674923 0.015205306037 -0.001381537761 0.999883438218 1.433774325266
0.999623607674 -0.022176081745 -0.016151296521 66.049946423748 0.022245326340 0.999744051698 0.004120260931 1.559957395292 0.016055791381 -0.004478000959 0.999861069884 1.458856323558
0.999692226586 -0.021381784644 -0.012580595710 67.143766619604 0.021473144396 0.999743698667 0.007172241376 1.593920415857 0.012424015966 -0.007440178899 0.999895138285 1.485494046814
0.999716772152 -0.021474972155 -0.010256756251 68.236337582394 0.021565972057 0.999728295626 0.008845551084 1.625024571808 0.010064011483 -0.009064242696 0.999908273382 1.520099061118
0.999724103250 -0.021407802213 -0.009665577298 69.329325552160 0.021492370737 0.999730878580 0.008732033751 1.651316469068 0.009476042433 -0.008937360782 0.999915160502 1.545801088786
0.999731526190 -0.021471271692 -0.008709766603 70.416789378284 0.021534225981 0.999742186835 0.007199789900 1.672712866398 0.008552932466 -0.007385415027 0.999936149457 1.571484042384
0.999739893324 -0.021642146262 -0.007194664811 71.501598081696 0.021686736553 0.999745723225 0.006178539595 1.700044717600 0.007059118518 -0.006332961316 0.999955030212 1.595839329162
0.999739239109 -0.022229651823 -0.005224592375 72.582550895248 0.022253389851 0.999742098865 0.004530165248 1.725619128307 0.005122540950 -0.004645248849 0.999976090333 1.620795525861
0.999729693916 -0.023011259897 -0.003319792201 73.667430092426 0.023021768385 0.999729961306 0.003162696363 1.753875378457 0.003246118101 -0.003238268954 0.999989488110 1.644144502841
0.999713063101 -0.023545793375 -0.004403076107 74.750181585943 0.023556473169 0.999719651894 0.002389600261 1.782662316487 0.004345576679 -0.002492635541 0.999987451287 1.664660754426
0.999674830117 -0.024172753226 -0.008118622538 75.826762530355 0.024195962953 0.999703389316 0.002772862754 1.811605674264 0.008049186741 -0.002968398993 0.999963198923 1.690514919668
0.999643652685 -0.024667179085 -0.010202838951 76.902363057140 0.024708593475 0.999686879991 0.003953148434 1.845702096591 0.010102131218 -0.004203837540 0.999940135556 1.718004293716
0.999637020432 -0.025504129838 -0.008681402142 77.969802395008 0.025550341135 0.999659727885 0.005254380414 1.881582094784 0.008544439703 -0.005474285968 0.999948511046 1.739435537286
0.999649147127 -0.026068239070 -0.004693565830 79.044546433059 0.026099511605 0.999636697594 0.006729659561 1.915281420194 0.004516430272 -0.006849798216 0.999966340495 1.763242626822
0.999643432184 -0.026693608170 -0.000678066657 80.120846167346 0.026697912410 0.999615954953 0.007427252254 1.947453090210 0.000479546087 -0.007442706899 0.999972187688 1.784079275125
0.999628057610 -0.027270034493 0.000302750447 81.189529855008 0.027266751611 0.999596328423 0.007981507389 1.978767126230 -0.000520284217 -0.007970283707 0.999968101432 1.803076511753
0.999609823718 -0.027876579852 -0.001759722470 82.247962821861 0.027891161393 0.999571421307 0.008891390323 2.013825419795 0.001511106738 -0.008937001817 0.999958922434 1.822916362443
0.999586108106 -0.028637578063 -0.002738905696 83.301338892024 0.028660671147 0.999550454923 0.008800794945 2.047354592190 0.002485640982 -0.008875651243 0.999957521300 1.842095242532
0.999574958179 -0.029021969342 -0.002761933396 84.341548858129 0.029043897972 0.999543995228 0.008261573403 2.082841938126 0.002520906812 -0.008338279200 0.999962058345 1.858872000260
0.999554090246 -0.029752151977 -0.002535769347 85.369296744970 0.029769786489 0.999530661565 0.007226091840 2.120277204647 0.002319587431 -0.007298358968 0.999970676305 1.884657763993
0.999535999881 -0.030445200349 -0.000935263660 86.382238470935 0.030450620551 0.999515369025 0.006464270312 2.153108053259 0.000738004398 -0.006489750248 0.999978669018 1.907603702106
0.999521063062 -0.030894097736 0.001788636225 87.380994035012 0.030884478153 0.999509554554 0.005176810278 2.187256485577 -0.001947691879 -0.005119089815 0.999985000595 1.922257952481
0.999483795671 -0.031983439386 0.003033446334 88.355624942996 0.031969556881 0.999478624437 0.004519593708 2.217665306523 -0.003176416921 -0.004420282739 0.999985185628 1.944208382802
0.999419520480 -0.033912781159 0.003247361588 89.314319329390 0.033902077788 0.999419723637 0.003296229315 2.254141673383 -0.003357261524 -0.003184223616 0.999989294700 1.962047032627
0.999303221829 -0.037236433654 0.002553204188 90.245829544362 0.037230250424 0.999303764318 0.002427977348 2.293962728652 -0.002641835773 -0.002331229155 0.999993793018 1.981587521861
0.999170537746 -0.040688643246 0.001634261485 91.155545523466 0.040684494149 0.999168924260 0.002496543463 2.334197107956 -0.001734484256 -0.002427983573 0.999995548220 1.998213291137
0.999043446340 -0.043693412996 0.001754418786 92.045434895013 0.043689553092 0.999042774377 0.002181264631 2.375378935272 -0.001848046308 -0.002102528362 0.999996082042 2.015383219251
0.998892553800 -0.046953576308 0.003004602411 92.907153068052 0.046944773575 0.998893171089 0.002936151497 2.421031925215 -0.003139139644 -0.002791849487 0.999991175650 2.032320664357
0.998749545361 -0.049842620564 0.003880569022 93.743920081160 0.049826836793 0.998749607068 0.004063092072 2.468938673595 -0.004078231942 -0.003864654880 0.999984216109 2.046738480609
0.998590177014 -0.052812764476 0.005335754760 94.554155850983 0.052787247148 0.998594172351 0.004815130805 2.519062313859 -0.005582553978 -0.004526682518 0.999974171785 2.061998356749
0.998435456760 -0.055581468316 0.006110569935 95.347614339298 0.055542477225 0.998435969349 0.006375604593 2.567684016242 -0.006455378281 -0.006026233492 0.999961005540 2.073730884294
0.998279683203 -0.058269020675 0.006511169893 96.103331483516 0.058213792168 0.998269032140 0.008372208265 2.622215023709 -0.006987739644 -0.007978765524 0.999943753816 2.087358054957
0.998123702372 -0.061003830772 0.005254273989 96.824554293660 0.060951154321 0.998093988245 0.009661646706 2.674742322880 -0.005833656742 -0.009323264516 0.999939520765 2.099520162519
0.997988133525 -0.063382655428 0.001524576537 97.523390655278 0.063360864180 0.997923517194 0.011578200293 2.726884856573 -0.002255267860 -0.011458308013 0.999931808147 2.114046689041
0.997829382210 -0.065803445667 -0.002535850408 98.184928742404 0.065832173407 0.997736437788 0.013715890596 2.777791145295 0.001627557491 -0.013853059184 0.999902717172 2.125057728770
0.997682553744 -0.067838609726 -0.005238796136 98.822784421690 0.067914541333 0.997562620091 0.016013559017 2.829018066791 0.004139689619 -0.016332238891 0.999858050396 2.140123488267
0.997617015061 -0.068705686576 -0.006310300549 99.428010698349 0.068809063576 0.997468084872 0.017964755254 2.877457225977 0.005060042560 -0.018356151384 0.999818707404 2.156717491357
0.997669878219 -0.067957428791 -0.006049955958 100.012201485962 0.068066682786 0.997476483108 0.020188916288 2.924955667688 0.004662701951 -0.020553674088 0.999777878177 2.171560807010
0.997856419744 -0.065279887177 -0.004593680980 100.572173121060 0.065371268197 0.997576462049 0.023828547151 2.969964418932 0.003027023150 -0.024077763499 0.999705505854 2.186678481013
0.998196593970 -0.059950475854 -0.003082244579 101.109857955603 0.060011320294 0.997844429556 0.026554393988 3.011746875628 0.001483652028 -0.026691475201 0.999642618103 2.198808633445
0.998617360846 -0.052557514613 -0.001036472627 101.623728630699 0.052566183654 0.998242385123 0.027366711183 3.040959382704 -0.000403675416 -0.027383356307 0.999624924081 2.211053479770
0.999068335102 -0.043121748641 0.001725279716 102.119508808003 0.043058683077 0.998699473151 0.027300405486 3.059642048019 -0.002900277166 -0.027200682384 0.999625785617 2.220996328303
0.999502070998 -0.031353069544 0.003548957855 102.596052591390 0.031247621772 0.999156475716 0.026644383442 3.070599971002 -0.004381347429 -0.026520219938 0.999638675587 2.233979777806
0.999829078703 -0.018010888557 0.004173880001 103.043358590301 0.017895872765 0.999498489593 0.026124835681 3.081328205619 -0.004642318260 -0.026045675165 0.999649974584 2.243855276416
0.999988834891 -0.002746757651 0.003845180950 103.476947631347 0.002647627089 0.999669977802 0.025552407965 3.078977761683 -0.003914098227 -0.025541942064 0.999666088767 2.251784076310
0.999883993028 0.015164731778 0.001425270489 103.895229044725 -0.015194991370 0.999587103548 0.024387182260 3.069058842024 -0.001054856922 -0.024406010149 0.999701572443 2.262869342153
0.999329627353 0.036532374286 -0.002383594833 104.296497010502 -0.036465559670 0.999052352731 0.023762564276 3.050574586171 0.003249438918 -0.023659715383 0.999714788835 2.268819291467
0.998120690839 0.060936557056 -0.006467034347 104.700258635388 -0.060777358031 0.997898283250 0.022475075903 3.017401065190 0.007822996217 -0.022039789025 0.999726486810 2.279062351624
0.996084791833 0.087975620940 -0.008682027345 105.094610072544 -0.087785523724 0.995933092312 0.020272579069 2.969258926353 0.010430211073 -0.019431051385 0.999756792895 2.290612040222
0.993004018143 0.117697819858 -0.009499639599 105.481401014269 -0.117515094451 0.992909279980 0.017926636752 2.905576703565 0.011542206378 -0.016684871282 0.999794175089 2.297465393033
0.988664785660 0.149744507402 -0.010886877382 105.846995618144 -0.149573268559 0.988634760205 0.015137643385 2.838452927645 0.013029924362 -0.013337669118 0.999826148715 2.307396950082
0.982641479887 0.185103472887 -0.012346105911 106.220713753270 -0.184938051132 0.982658524662 0.013421667272 2.750411507040 0.014616403444 -0.010905422224 0.999833702431 2.318866857779
0.974705267763 0.223119621161 -0.012933508696 106.588151111205 -0.223007290486 0.974769726171 0.009577543016 2.641527163895 0.014744130500 -0.006451014899 0.999870489125 2.328897991249
0.964732310360 0.262874881252 -0.013724654982 106.943640051199 -0.262795194883 0.964823639141 0.007350571466 2.519546987529 0.015174152166 -0.003484560412 0.999878794127 2.343364368947
0.952467784248 0.304315016177 -0.014053145531 107.286145518871 -0.304230693522 0.952566091596 0.007843867728 2.395576888907 0.015773556648 -0.003195633104 0.999870483033 2.358527700381
0.937245262239 0.348415834337 -0.013331346277 107.620997854132 -0.348296397499 0.937325667028 0.010498257971 2.257581008029 0.016153572351 -0.005196182663 0.999856020528 2.365049083758
0.919527920124 0.392848762367 -0.011758146892 107.952656895060 -0.392752323877 0.919592968663 0.009715146691 2.091293446399 0.014629292560 -0.004315309114 0.999883674187 2.375822962202
0.899432945795 0.436941349030 -0.010130820598 108.258727374545 -0.436861192186 0.899481690671 0.009218834485 1.921151052883 0.013140577616 -0.003865961093 0.999906185382 2.378418522432
0.876443217356 0.481383015219 -0.010848014090 108.560168142346 -0.481325417773 0.876509194205 0.007581205657 1.724289175995 0.013157847727 -0.001423071364 0.999912419120 2.389443891940
0.851344165393 0.524458503058 -0.012505623624 108.834200402442 -0.524401876595 0.851436009669 0.007706702453 1.528235146274 0.014689583909 -0.000003083671 0.999892102237 2.403977761877
0.823815344645 0.566666788386 -0.014731899679 109.101718034362 -0.566589925610 0.823946807198 0.009354950858 1.312484605507 0.017439441663 0.000640193878 0.999847716418 2.413097748484
0.793305160876 0.608607129650 -0.016256797540 109.357331350299 -0.608451523488 0.793471009306 0.013802208409 1.095797342265 0.021299419995 -0.001057889931 0.999772581929 2.424722717208
0.759611382867 0.650183729632 -0.015863944685 109.617006474169 -0.649915735555 0.759765255377 0.019138793051 0.851931114897 0.024496605831 -0.004227817777 0.999690973181 2.441074573021
0.722619375865 0.691094752896 -0.014466518046 109.856600035656 -0.690709066152 0.722724606401 0.024292575786 0.603406222709 0.027243780221 -0.007562130783 0.999600215395 2.434137285421
0.683442476747 0.729856802333 -0.014677502045 110.082654196857 -0.729467769768 0.683572817678 0.024596255825 0.328135438682 0.027984886055 -0.006103361318 0.999589713399 2.444406988402
0.642542423924 0.766104407176 -0.014942247579 110.300049984764 -0.765821709845 0.642713061608 0.020905242603 0.023456519687 0.025619176180 -0.001989407665 0.999669795517 2.470092152873
0.598665493041 0.800894414305 -0.012952396578 110.498994489880 -0.800671750007 0.598804840196 0.018907990341 -0.276865709499 0.022899261613 -0.000948943325 0.999737327164 2.469523416519
0.552654120040 0.833343646527 -0.010573097718 110.690027987072 -0.833176667677 0.552755096300 0.016686639972 -0.616331950905 0.019750039050 -0.000412682007 0.999804863786 2.487806536024
0.504967554117 0.863095708440 -0.008577141804 110.852298532631 -0.862978229584 0.505040348701 0.014241539516 -0.938621566022 0.016623614325 0.000210371273 0.999861796045 2.482107533283
0.454364254334 0.890782468943 -0.007727703834 111.014507775490 -0.890742631017 0.454421068858 0.008891426629 -1.303462637696 0.011431958401 0.002843448815 0.999930610155 2.518711720524
0.403101641177 0.915146087788 -0.004087161318 111.151526305403 -0.915104414096 0.403122301813 0.008736193856 -1.654107940045 0.009642519508 0.000218605283 0.999953485933 2.518378891086
0.352181233634 0.935931098806 -0.001164888086 111.270269235007 -0.935852937150 0.352167436091 0.012544998375 -2.018557220260 0.012151489764 -0.003327949067 0.999920629876 2.524899280287
0.301569581090 0.953443974011 0.000613338206 111.380770275700 -0.953293223861 0.301510328423 0.017987528880 -2.422684833225 0.016965173214 -0.006009182705 0.999838023192 2.533391178672
0.254631684530 0.967038018184 -0.000420262047 111.469472927780 -0.966844461621 0.254589367588 0.019900777465 -2.816785409039 0.019351802649 -0.004661040457 0.999801871591 2.532212579702
0.212602025295 0.977118394189 -0.006326340066 111.542247829228 -0.976936101706 0.212685342831 0.018994686850 -3.248370685705 0.019905577719 0.002142121108 0.999799569560 2.545547787245
0.177102329477 0.984101847733 -0.013353583124 111.587001987452 -0.983983892629 0.177327805395 0.018180992259 -3.674518120025 0.020259909666 0.009919814622 0.999745534293 2.560468063603
0.146037075527 0.989146193033 -0.016216700636 111.636909911681 -0.989051451638 0.146335510059 0.019056350849 -4.125027496047 0.021222596054 0.013256217557 0.999686888037 2.580569500072
0.118205961095 0.992899991130 -0.013302570284 111.681792809803 -0.992814257896 0.118425925680 0.017179914018 -4.579597942141 0.018633305676 0.011176213197 0.999763918222 2.596221843548
0.092818179019 0.995660407126 -0.006718580556 111.729922956677 -0.995577731494 0.092904398839 0.013919526880 -5.060329426486 0.014483307488 0.005396884051 0.999880546589 2.586311643916
0.068727671263 0.997634421436 -0.001438182696 111.774533480135 -0.997582741509 0.068738787866 0.010181006172 -5.562960787971 0.010255781137 0.000734989392 0.999947137975 2.583232783316
0.046297249396 0.998916046216 -0.004826728837 111.786443185628 -0.998905545296 0.046327868044 0.006437407789 -6.079096945613 0.006654041994 0.004523411927 0.999967630711 2.587013913490
0.025965035293 0.999597989346 -0.011387565050 111.778934046367 -0.999638777760 0.026041781525 0.006643765000 -6.614508963254 0.006937646617 0.011210946016 0.999913088098 2.604319946131
0.007981786361 0.999833063140 -0.016435843121 111.772187206382 -0.999929693626 0.008124539653 0.008637109474 -7.174324600448 0.008769201281 0.016365748014 0.999827616842 2.627005390386
-0.006302951792 0.999842304197 -0.016602395534 111.767590686700 -0.999887506513 -0.006075522514 0.013713582514 -7.738235335460 0.013610551712 0.016686963922 0.999768122175 2.633402888110
-0.017901915630 0.999753678722 -0.013118814648 111.771284601190 -0.999670016084 -0.017655579892 0.018658495136 -8.335723665946 0.018422278872 0.013448508455 0.999739844790 2.621139719033
-0.024364935302 0.999592412467 -0.014878133833 111.752827118240 -0.999536260974 -0.024086258687 0.018631026276 -8.946614928163 0.018265073922 0.015325178011 0.999715722590 2.619166853872
-0.027103342178 0.999402531061 -0.021447371685 111.724845563846 -0.999551533220 -0.026821604517 0.013316680098 -9.579736298926 0.012733470874 0.021798679789 0.999681287351 2.617314784831
-0.026830863402 0.999354118676 -0.023905025699 111.704305583666 -0.999579474405 -0.026558444778 0.011641450038 -10.235260519553 0.010999050738 0.024207323179 0.999646450695 2.611965790712
-0.024888929690 0.999425007901 -0.023025958395 111.691616759037 -0.999655306468 -0.024688951847 0.008928824525 -10.905234530850 0.008355203744 0.023240250382 0.999694994152 2.583912009472
-0.023514326062 0.999500128867 -0.021132176064 111.694156483506 -0.999687109744 -0.023327861518 0.009027374414 -11.596432497488 0.008529893414 0.021337836637 0.999735933958 2.531557169396
-0.022313917947 0.999541792986 -0.020452216026 111.680163454956 -0.999712312307 -0.022128383293 0.009253500702 -12.297992554354 0.008796686208 0.020652814031 0.999748008042 2.491365384881
-0.021503395780 0.999510096930 -0.022741374292 111.665470640708 -0.999737704720 -0.021317833772 0.008370885565 -13.019601221457 0.007881987805 0.022915411802 0.999706335966 2.418916328672
-0.020649841289 0.999510560167 -0.023499450421 111.654293530138 -0.999758534167 -0.020466907536 0.007998690942 -13.766321339001 0.007513814985 0.023658947805 0.999691850909 2.416176724942
-0.019840025641 0.999589703657 -0.020659083376 111.645932106777 -0.999783559121 -0.019705989719 0.006671497576 -14.517393774338 0.006261652601 0.020786974589 0.999764318924 2.428495372176
-0.019413954311 0.999606690900 -0.020237635380 111.634585911327 -0.999797008745 -0.019300596197 0.005781720458 -15.282870675014 0.005388848027 0.020345773373 0.999778480376 2.430643704506
-0.019794495916 0.999608092613 -0.019794926458 111.617636914311 -0.999796576088 -0.019713812042 0.004262869553 -16.059346581922 0.003870965443 0.019875281050 0.999794973397 2.427409105346
-0.020832771608 0.999635244859 -0.017186415088 111.605544454382 -0.999779844047 -0.020786612258 0.002860102863 -16.841825897520 0.002501812279 0.017242215266 0.999848211954 2.432634651741
-0.022275358370 0.999661971534 -0.013407127887 111.590228174025 -0.999751164084 -0.022257364555 0.001489843959 -17.628217683904 0.001190933016 0.013436978520 0.999909010504 2.439132462972
-0.023400946049 0.999603512046 -0.015659324069 111.572162597356 -0.999726160355 -0.023397995196 0.000371648857 -18.429067618835 0.000005104713 0.015663732860 0.999877316198 2.418449730015
-0.024376807712 0.999553707943 -0.017267199655 111.550446787718 -0.999702452910 -0.024388390377 -0.000460501325 -19.244603861855 -0.000881415012 0.017250836297 0.999850804748 2.416950251744
-0.025965887633 0.999556171168 -0.014602512077 111.537526087612 -0.999661717661 -0.025984874598 -0.001111995619 -20.055054430175 -0.001490946529 0.014568698352 0.999892759303 2.421159771878
-0.026915929508 0.999566410595 -0.011938322691 111.521460753496 -0.999629858872 -0.026866494253 0.004282141763 -20.875696114179 0.003959544193 0.012049161653 0.999919566622 2.413059374134
-0.027991343619 0.999514327215 -0.013696509568 111.503267881852 -0.999559753517 -0.027852510166 0.010224325245 -21.706233375336 0.009837877397 0.013976672329 0.999853923730 2.402568440851
-0.028960805526 0.999474414264 -0.014565952561 111.483649681634 -0.999507263471 -0.028779156085 0.012529582779 -22.546365612036 0.012103801587 0.014921642194 0.999815404253 2.415626338101
-0.030230222503 0.999485498392 -0.010717842687 111.467045376109 -0.999492484273 -0.030119195839 0.010373423942 -23.391167230112 0.010045273996 0.011025994127 0.999888753774 2.429307427805
-0.031051927418 0.999486293562 -0.007932640563 111.450659114411 -0.999496959433 -0.030999085879 0.006699608898 -24.233128946640 0.006450262660 0.008136685892 0.999946092774 2.435423351768
-0.031327057775 0.999488988818 -0.006354264915 111.427106371439 -0.999508269334 -0.031317779890 0.001554411975 -25.076438296972 0.001354616183 0.006399835482 0.999978603331 2.457100815265
-0.031459447691 0.999500376460 -0.003049689742 111.409846477041 -0.999498268668 -0.031470310691 -0.003581965337 -25.916398682952 -0.003676150387 0.002935472966 0.999988934397 2.465454699558
-0.031371301688 0.999507739968 -0.000345215710 111.392928094315 -0.999497777309 -0.031372531958 -0.004467369727 -26.751838139203 -0.004476000910 0.000204895132 0.999989961667 2.466625169995
-0.030644373441 0.999526733635 -0.002689075265 111.369524460824 -0.999530236855 -0.030642973850 0.000560148700 -27.576496595566 0.000477482337 0.002704977443 0.999996227547 2.500031748234
-0.029648558256 0.999547384763 -0.005097902174 111.344057437613 -0.999484046709 -0.029582877183 0.012509746296 -28.406116344074 0.012353273580 0.005466167836 0.999908754658 2.508071962757
-0.029373517129 0.999544540771 -0.006921524868 111.322720016001 -0.999397375467 -0.029239656774 0.018706372741 -29.233021709225 0.018495469740 0.007466825748 0.999801062268 2.521135705415
-0.028113774654 0.999570603756 -0.008259768867 111.302503165605 -0.999520799404 -0.028003378757 0.013190236447 -30.063967548102 0.012953271173 0.008626638116 0.999878889607 2.540369189949
-0.026915104365 0.999571560605 -0.011500973322 111.278321867293 -0.999626367536 -0.026858178675 0.005075782132 -30.897068673711 0.004764712270 0.011633291391 0.999920978902 2.567696641778
-0.026471936569 0.999563742938 -0.013098105906 111.255792855683 -0.999646536432 -0.026437374385 0.002804894920 -31.722240091447 0.002457391735 0.013167727203 0.999910282068 2.589477100367
-0.026560726509 0.999578073770 -0.011755945154 111.238467255591 -0.999642740900 -0.026523638938 0.003299567083 -32.540369347763 0.002986364465 0.011839384134 0.999925452527 2.607200798161
-0.027692283475 0.999578236460 -0.008745663621 111.226485287261 -0.999609690155 -0.027658752243 0.003932018907 -33.353283740165 0.003688466381 0.008851136684 0.999954025241 2.620567415454
-0.029385648151 0.999544505581 -0.006874957832 111.211381588068 -0.999559416225 -0.029355946794 0.004381988645 -34.160567769690 0.004178171778 0.007000696414 0.999966766013 2.631807492467
-0.031519994515 0.999483866132 -0.006204134642 111.190302123092 -0.999495167278 -0.031494372561 0.004185102760 -34.971496281020 0.003987547359 0.006332917008 0.999971996422 2.646589990262
-0.033417807514 0.999426946039 -0.005387919014 111.164820445579 -0.999431056566 -0.033392365727 0.004744795340 -35.778513278793 0.004562160954 0.005543414250 0.999974228291 2.673783657227
-0.035503568162 0.999362749677 -0.003686625154 111.143058362042 -0.999358473326 -0.035485565079 0.004839055919 -36.585154527468 0.004705150253 0.003856063837 0.999981495995 2.681393395529
-0.037625448340 0.999290485907 -0.001688316543 111.125320620196 -0.999284654673 -0.037618682335 0.003874748253 -37.382098373621 0.003808486821 0.001832897954 0.999991067917 2.692911427054
-0.039637224108 0.999211845470 -0.002139704989 111.095765863982 -0.999210395503 -0.039631125192 0.002821247083 -38.179325788908 0.002734224588 0.002249841871 0.999993731094 2.718795299502
-0.041868524648 0.999121127113 -0.002000000307 111.070207658429 -0.999118779764 -0.041862352205 0.003034368417 -38.965026809482 0.002947976875 0.002125282396 0.999993396282 2.730092046202
-0.043313681639 0.999059648782 -0.001934724528 111.040147503470 -0.999053345630 -0.043305411127 0.004129643242 -39.742857273536 0.004041975885 0.002111763065 0.999989601390 2.753258276860
-0.044646499785 0.999000419782 -0.002202574157 111.007595610350 -0.998992605036 -0.044635949512 0.004626780185 -40.513494859921 0.004523841358 0.002406924835 0.999986870700 2.760295061148
-0.045499297190 0.998955664605 -0.004170624614 110.975001054158 -0.998959960549 -0.045486294185 0.003161370164 -41.288088677399 0.002968362375 0.004310127120 0.999986305721 2.785471296954
-0.046852996346 0.998890838805 -0.004678555861 110.943774946277 -0.998899368220 -0.046842043643 0.002423863947 -42.059711719557 0.002202022373 0.004786971783 0.999986117903 2.804532344191
-0.048400957081 0.998822038942 -0.003447009837 110.914911780556 -0.998826491976 -0.048394625702 0.001897137389 -42.815131753416 0.001728085884 0.003534788009 0.999992259466 2.818121629311
-0.049446629723 0.998775086420 -0.001832363348 110.881746052376 -0.998776401795 -0.049444958979 0.000946176003 -43.567250217435 0.000854415888 0.001876906486 0.999997873596 2.832223519456
-0.050522038672 0.998722169290 -0.001245864110 110.852425766300 -0.998722874113 -0.050521521178 0.000443420442 -44.299458555206 0.000379910875 0.001266675489 0.999999125600 2.848662967167
-0.051195989573 0.998688032024 -0.001088735054 110.818620553834 -0.998688621311 -0.051196058482 -0.000035499118 -45.017650417173 -0.000091191488 0.001085489898 0.999999406698 2.863695851511
-0.051565577824 0.998668966556 -0.001134205061 110.785676762821 -0.998667977733 -0.051563406483 0.001866912371 -45.714299317266 0.001805943971 0.001228962690 0.999997614106 2.874674913121
-0.051690055733 0.998662969185 -0.000641963422 110.755301390481 -0.998649756538 -0.051686018113 0.005217211647 -46.419751302534 0.005177055541 0.000910774576 0.999986184197 2.901198838058
-0.051729810713 0.998660923882 0.000621124475 110.727833861891 -0.998638941584 -0.051732796806 0.006631899203 -47.119822978508 0.006655151091 -0.000277212198 0.999977815813 2.908176744734
-0.052057314636 0.998644008071 0.000425601998 110.694706526466 -0.998616617721 -0.052059039044 0.007396435974 -47.799662093167 0.007408562897 -0.000039974633 0.999972555422 2.924099400166
-0.051946552747 0.998649350144 -0.001015438032 110.659876847720 -0.998624103800 -0.051937882145 0.007235724447 -48.492839785203 0.007173211816 0.001389911836 0.999973306232 2.934668812195
-0.052643574443 0.998612025151 -0.001636243962 110.628021920124 -0.998593498429 -0.052632120896 0.006394117999 -49.180182222723 0.006299124134 0.001970551810 0.999978218743 2.959914495939
-0.052826369319 0.998601832251 0.001937867434 110.601171221155 -0.998579249943 -0.052838558847 0.006896976361 -49.864838119286 0.006989727354 -0.001570771989 0.999974337864 2.966633710796
-0.052769577372 0.998597785705 0.004223042673 110.575211208071 -0.998579664376 -0.052798802997 0.007137247160 -50.543004914275 0.007350210809 -0.003840415019 0.999965612216 2.980350887537
-0.052704534691 0.998606219633 0.002801808866 110.543303125446 -0.998592773928 -0.052719961600 0.005751304783 -51.217340896794 0.005890999983 -0.002494746245 0.999979535971 2.996090056383
-0.053767133952 0.998549596411 0.002792635557 110.509088751674 -0.998540418681 -0.053780535223 0.004968530130 -51.890668591625 0.005111513191 -0.002521415853 0.999983757316 3.012975124481
-0.057022717343 0.998351377959 0.006552544095 110.481838550669 -0.998361877422 -0.057051675089 0.004320657344 -52.554514032160 0.004687367829 -0.006295434602 0.999969197569 3.029749371489
