1.000000000000 0.000000000000 0.000000000000 0.000000000000 0.000000000000 1.000000000000 0.000000000000 0.000000000000 0.000000000000 0.000000000000 1.000000000000 0.000000000000
0.999989398809 -0.003012543724 -0.003482362783 1.170408213955 0.003044742714 0.999952320363 0.009278283360 0.065200320119 0.003454245511 -0.009288787898 0.999950892098 -0.028046443038
0.999987066035 -0.003698129737 -0.003491647150 2.346887698708 0.003735185476 0.999936135184 0.010666486915 0.101952855612 0.003451978104 -0.010679390904 0.999937015245 -0.013000858722
0.999988820018 -0.003585937645 -0.003082351402 3.532465233562 0.003617314266 0.999941079504 0.010234869672 0.114642163318 0.003045468184 -0.010245905080 0.999942871644 0.004632029693
0.999990670626 -0.003087425871 -0.003021003646 4.721956703890 0.003117507920 0.999945097896 0.010004116088 0.126690905006 0.002989950819 -0.010013440758 0.999945394108 0.027287428964
0.999992095619 -0.002492764981 -0.003097551146 5.917047024769 0.002523207135 0.999948175192 0.009863080461 0.133108696561 0.003072804274 -0.009870818263 0.999946560982 0.042248812539
0.999991820316 -0.001691175691 -0.003674129137 7.111661921821 0.001726513953 0.999952078836 0.009636346915 0.139135413879 0.003657656313 -0.009642611528 0.999946819383 0.068454513081
0.999991293171 -0.000903697985 -0.004073930748 8.304039080797 0.000944361740 0.999949646720 0.009990605889 0.138341935036 0.004064697122 -0.009994366167 0.999941793747 0.090639244052
0.999995700458 -0.000257822932 -0.002921060376 9.504084049881 0.000286886198 0.999950421399 0.009953513978 0.136153349138 0.002918349310 -0.009954309194 0.999946196035 0.112022258670
0.999997813806 -0.000738051386 -0.001956441407 10.706629972612 0.000755771867 0.999958560277 0.009072295078 0.138577368562 0.001949664513 -0.009073753868 0.999956931972 0.129342425166
0.999994391912 -0.002575502408 -0.002140778408 11.897971035731 0.002592287668 0.999965629364 0.007875286372 0.143325885280 0.002120422009 -0.007880791720 0.999966697912 0.152091187815
0.999985695971 -0.004720995953 -0.002513971244 13.085865048776 0.004740786826 0.999957355076 0.007925463395 0.147268898902 0.002476447955 -0.007937268231 0.999965432892 0.173858443143
0.999976813932 -0.006273717119 -0.002648031841 14.280494042239 0.006295262122 0.999946498871 0.008207866370 0.157583248447 0.002596396337 -0.008224346117 0.999962808737 0.197536823011
0.999967605260 -0.007517705829 -0.002876200396 15.473404688586 0.007545812687 0.999922626601 0.009889465213 0.173463368504 0.002801631764 -0.009910848116 0.999946961568 0.216148011327
0.999966714236 -0.007674155039 -0.002770877834 16.670128992446 0.007700218809 0.999925021200 0.009521481453 0.185783780420 0.002697600752 -0.009542500889 0.999950830605 0.236116962955
0.999966444370 -0.007853081092 -0.002332220301 17.868165436577 0.007873554519 0.999929368835 0.008903060169 0.193046291936 0.002262139120 -0.008921124284 0.999957647237 0.259248692818
0.999959896806 -0.008718632083 -0.002047006008 19.071577719913 0.008735855832 0.999925189050 0.008561607698 0.206199069876 0.001972207362 -0.008579146699 0.999961253569 0.275719675647
0.999955844881 -0.008927115717 -0.002935113786 20.265694418156 0.008952738046 0.999920887886 0.008835522091 0.224476004143 0.002856005855 -0.008861409262 0.999956658389 0.299638472073
0.999945155347 -0.009774805779 -0.003760248586 21.461106010735 0.009808042311 0.999912074583 0.008924427677 0.239634402658 0.003672683418 -0.008960818898 0.999953106461 0.323987476943
0.999938452941 -0.010601466174 -0.003270970071 22.656456254588 0.010631777279 0.999899365073 0.009392818488 0.253653004740 0.003171063250 -0.009427016613 0.999950536635 0.343182713090
0.999933469821 -0.011032534191 -0.003367361219 23.849875148308 0.011064106479 0.999893605502 0.009505957331 0.267666162540 0.003262128151 -0.009542581741 0.999949147534 0.362354703195
0.999919025749 -0.012079845000 -0.004002410490 25.043862993861 0.012117931531 0.999880179398 0.009632371566 0.290812580431 0.003885573363 -0.009680092528 0.999945597584 0.387475991925
0.999915153261 -0.012571107398 -0.003413727828 26.245584994157 0.012604624432 0.999870743017 0.009981017054 0.310316444546 0.003287814142 -0.010023198954 0.999944361333 0.409603880115
0.999904756514 -0.013707697274 -0.001605283799 27.443933877713 0.013721279712 0.999867309913 0.008780037031 0.325645429306 0.001484716704 -0.008801227338 0.999960166213 0.425343155967
0.999891001227 -0.014702411438 -0.001350837956 28.639308438961 0.014713060409 0.999857770605 0.008244053242 0.344195667894 0.001229438364 -0.008263029611 0.999965104803 0.448591087570
0.999884505885 -0.015018302896 -0.002329263816 29.832655785620 0.015035877961 0.999857145051 0.007720871979 0.364346272780 0.002212976675 -0.007755002790 0.999967480804 0.468420169315
0.999861629464 -0.016333719144 -0.003151435218 31.031465936142 0.016356043749 0.999840355907 0.007193228198 0.386078116746 0.003033439941 -0.007243777879 0.999969162487 0.489434574786
0.999850377239 -0.016989738099 -0.003251451078 32.230678088520 0.017014288587 0.999825765204 0.007678099847 0.405534123809 0.003120435657 -0.007732272156 0.999965236820 0.509877206866
0.999837153767 -0.017836682078 -0.002742028190 33.424059002050 0.017855995068 0.999814730623 0.007188036501 0.427986843136 0.002613309454 -0.007235827598 0.999970406268 0.530432171239
0.999823393647 -0.018630266892 -0.002468738875 34.625639773746 0.018646937542 0.999802244608 0.006911106825 0.450654198418 0.002339494904 -0.006955920700 0.999973070603 0.549376841705
0.999820876008 -0.018762635149 -0.002485844157 35.827934898030 0.018777366631 0.999805435693 0.006041627414 0.476030273585 0.002372003650 -0.006087222821 0.999978659431 0.574342535242
0.999805418045 -0.019565246059 -0.002515391429 37.025406719116 0.019580856845 0.999788181322 0.006338969505 0.497968782026 0.002390835124 -0.006386989575 0.999976744865 0.590977350859
0.999808966146 -0.019455434066 -0.001875446641 38.221265882243 0.019464888672 0.999797214320 0.005162203601 0.522621869363 0.001774633416 -0.005197722805 0.999984917063 0.614679656747
0.999808941200 -0.019534966016 -0.000682788301 39.421786211753 0.019538456188 0.999793723760 0.005546049003 0.547154143034 0.000574305579 -0.005558330011 0.999984387448 0.633332898939
0.999807819973 -0.019603335032 0.000179936334 40.628267168410 0.019601905184 0.999789903083 0.005992912990 0.572975090869 -0.000297379611 -0.005988234177 0.999982026147 0.651831931787
0.999813935463 -0.019289119891 -0.000155907673 41.822458518459 0.019289734130 0.999790811397 0.006799970842 0.600875597273 0.000024709606 -0.006801713026 0.999976867777 0.670879778003
0.999809691681 -0.019508301565 -0.000081189638 43.026937542870 0.019508343245 0.999779478074 0.007773015219 0.630644589380 -0.000070466591 -0.007773119825 0.999969786365 0.692694125007
0.999822925233 -0.018759928504 0.001477586334 44.218082761724 0.018743057683 0.999767013327 0.010705926030 0.660453265654 -0.001678084483 -0.010676335794 0.999941598238 0.700911553825
0.999835830612 -0.017545165130 0.004525373451 45.422509895473 0.017494521916 0.999786472840 0.010997746544 0.689586338953 -0.004717364440 -0.010916771806 0.999929282783 0.720377883417
0.999842959442 -0.016143930835 0.007309579478 46.623425214659 0.016058412864 0.999803639550 0.011610758778 0.710289760304 -0.007495587452 -0.011491555173 0.999905875735 0.729195641776
0.999843820051 -0.014109600436 0.010642118266 47.823776306428 0.013983725438 0.999832462672 0.011811096939 0.727701907270 -0.010806985172 -0.011660435822 0.999873613667 0.736428041957
0.999837944732 -0.013182667498 0.012259753363 49.026897861690 0.013045673025 0.999852309074 0.011187960246 0.743578321637 -0.012405429869 -0.011026210444 0.999862254510 0.743590755030
0.999872570729 -0.011788628824 0.010764317608 50.227571647150 0.011683273245 0.999883738828 0.009798466928 0.759621181086 -0.010878576625 -0.009671455853 0.999894054144 0.745933905676
0.999905998719 -0.010208008536 0.009153703488 51.427461198224 0.010110577221 0.999892407622 0.010627765947 0.776404395862 -0.009261206945 -0.010534217697 0.999901625313 0.756427803157
0.999917729951 -0.009651356862 0.008448943094 52.635100748560 0.009559619871 0.999895638761 0.010831678292 0.793037011535 -0.008552601745 -0.010750018485 0.999905640601 0.742538378145
0.999922692578 -0.009282559290 0.008273026127 53.833037320527 0.009194872685 0.999901808663 0.010574845137 0.805512722702 -0.008370375414 -0.010497958201 0.999909860782 0.762905690649
0.999919077221 -0.010442004469 0.007266605212 55.042663245262 0.010368857350 0.999895916405 0.010032106173 0.825012520636 -0.007370604175 -0.009955947954 0.999923273704 0.771935648147
0.999901492542 -0.011981451430 0.007310953064 56.247895659876 0.011906612991 0.999877134074 0.010195554100 0.841836795034 -0.007432212333 -0.010107501074 0.999921297224 0.772564648456
0.999877747499 -0.013037677084 0.008631861447 57.445231375784 0.012949020315 0.999863638226 0.010248308425 0.856671480769 -0.008764298527 -0.010135281394 0.999910227542 0.784815703181
0.999856043379 -0.014359943040 0.009037950745 58.659706464209 0.014266251021 0.999844694901 0.010346987927 0.882691180666 -0.009185129263 -0.010216560736 0.999905623190 0.790672852805
0.999852584944 -0.014741834606 0.008802652581 59.858783433449 0.014643672604 0.999831010681 0.011113637261 0.900365805780 -0.008965000429 -0.010983095781 0.999899495137 0.795716965925
0.999839784743 -0.015680040524 0.008633723095 61.070793094587 0.015579275329 0.999811145194 0.011617234024 0.923581379189 -0.008814251276 -0.011480865616 0.999895243863 0.805090506141
0.999841452700 -0.015874015136 0.008067534061 62.279379670003 0.015788017366 0.999819025281 0.010613915142 0.941458038075 -0.008234559490 -0.010484861967 0.999911125900 0.807499468806
0.999852428719 -0.015562807973 0.007274599098 63.467028430876 0.015491631230 0.999832553737 0.009740320778 0.961756032938 -0.007424967736 -0.009626187980 0.999926100449 0.825470658749
0.999833170997 -0.016299989586 0.008242603620 64.667889307688 0.016220968788 0.999822684190 0.009564536076 0.986173837426 -0.008397043914 -0.009429237418 0.999920286390 0.833987360936
0.999815487440 -0.016353282639 0.010077758764 65.863600328450 0.016266733142 0.999830606667 0.008611118647 1.004335022038 -0.010216871716 -0.008445597575 0.999912139847 0.830827717903
0.999821946085 -0.016748003732 0.008693704516 67.060024923087 0.016666747385 0.999817509288 0.009336361852 1.028441444612 -0.008848483418 -0.009189803700 0.999918622613 0.847387675781
0.999835698812 -0.016599728735 0.007281784589 68.249791171580 0.016515235403 0.999797317090 0.011513980197 1.050566466446 -0.007471437644 -0.011391828049 0.999907197630 0.857935593770
0.999835480653 -0.016524204781 0.007480794346 69.446894908422 0.016422487403 0.999774535979 0.013460279185 1.075775739950 -0.007701528106 -0.013335211458 0.999881422270 0.862017053294
0.999832267040 -0.016588309356 0.007763103652 70.638228220011 0.016469718850 0.999750359340 0.015098588041 1.103561283425 -0.008011625715 -0.014968199375 0.999855873044 0.874405275755
0.999836990431 -0.016145179182 0.008082434973 71.824247541494 0.016007894165 0.999731195909 0.016771501140 1.128207308747 -0.008351041273 -0.016639384461 0.999826680477 0.876097402713
0.999843696544 -0.015186814925 0.009052244642 73.013770486159 0.015029369223 0.999738857230 0.017214395269 1.153655303966 -0.009311312549 -0.017075655072 0.999810842841 0.891835917109
0.999864502502 -0.013308559798 0.009688078930 74.202534023459 0.013124768712 0.999737238706 0.018793456040 1.172139891973 -0.009935647111 -0.018663755778 0.999776448581 0.888567428649
0.999910409587 -0.010597320127 0.008177383774 75.375450267722 0.010453669549 0.999793715211 0.017414012126 1.185048798682 -0.008360238765 -0.017326968329 0.999814924162 0.892383866827
0.999960924578 -0.008163762889 0.003391503018 76.554361880488 0.008111652976 0.999853016841 0.015104496049 1.195750084021 -0.003514314049 -0.015076395139 0.999880168773 0.927038001706
0.999982202534 -0.005488571700 0.002338845136 77.725891658619 0.005450833258 0.999859563989 0.015847419849 1.197940743771 -0.002425496378 -0.015834389151 0.999871686312 0.933422463584
0.999978460717 -0.002912104644 0.005881985121 78.906849961612 0.002824629902 0.999886105165 0.014825591532 1.204461855203 -0.005924488868 -0.014808657768 0.999872793953 0.935559866523
0.999971787753 0.000232213992 0.007507980691 80.076279041635 -0.000338267702 0.999900147766 0.014127281175 1.211705415788 -0.007503950450 -0.014129422320 0.999872016886 0.948297928340
0.999974242910 0.004354798871 0.005705194347 81.242505168065 -0.004442260281 0.999871418140 0.015408228638 1.209246275190 -0.005637361026 -0.015433175725 0.999865009513 0.954084680160
0.999966881162 0.007574854262 0.002976266327 82.411424009127 -0.007616545344 0.999869375333 0.014255543081 1.201497420243 -0.002867893892 -0.014277739821 0.999893955042 0.971994624047
0.999936222474 0.011282153702 -0.000513801889 83.565016966510 -0.011274184570 0.999845175520 0.013509913093 1.186437603511 0.000666143256 -0.013503258767 0.999908604951 0.990758699013
0.999894310961 0.014461764577 -0.001491399609 84.724071108626 -0.014442104122 0.999818271891 0.012443826632 1.172565466357 0.001671088271 -0.012420972507 0.999921460369 1.009494032068
0.999839212530 0.017931179795 0.000147915641 85.883161087510 -0.017931684347 0.999771014277 0.011677915388 1.154932591697 0.000061517030 -0.011678690102 0.999931799881 1.020727606295
0.999760600475 0.021867754140 0.000736930978 87.041338530985 -0.021875342032 0.999680349015 0.012675535697 1.135458919190 -0.000459509919 -0.012688621797 0.999919390615 1.034553614862
0.999673126893 0.025536547150 -0.001234555816 88.186947272651 -0.025519230747 0.999596870503 0.012444490458 1.111720399948 0.001551847447 -0.012408917774 0.999921802207 1.056367966758
0.999576781127 0.028875186712 -0.003533019083 89.337126751151 -0.028829169001 0.999506842526 0.012447921858 1.079556571811 0.003890712816 -0.012340799659 0.999916280004 1.077996736113
0.999479525892 0.032034643257 -0.003802493196 90.482199496115 -0.031984354093 0.999408674205 0.012621529924 1.042299534180 0.004204570892 -0.012493340456 0.999913115239 1.096787774115
0.999386526417 0.034912170974 -0.002776893029 91.630363931054 -0.034879806582 0.999331464735 0.010955486493 1.000339214334 0.003157516396 -0.010851908099 0.999936131051 1.116363816431
0.999283806177 0.037815634347 -0.001361070041 92.789665870338 -0.037799637314 0.999232153421 0.010309752075 0.954620160849 0.001749894763 -0.010250920341 0.999945926788 1.136772020036
0.999184012361 0.040387462527 0.000402881750 93.944414834835 -0.040389467452 0.999138890109 0.009495745967 0.912065998583 -0.000019025740 -0.009504269735 0.999954833227 1.153589549639
0.999073697278 0.043012496766 0.001293262841 95.105539788960 -0.043021465333 0.999042349838 0.007970994307 0.860582492482 -0.000949171981 -0.008019248816 0.999967394829 1.167041019875
0.998977170013 0.045211349848 -0.000740025646 96.250005538854 -0.045205260005 0.998954381079 0.006828542313 0.810257718683 0.001047979476 -0.006788104824 0.999976411408 1.186342190625
0.998870600894 0.047315149823 -0.004335812110 97.401385739151 -0.047291235477 0.998866213182 0.005461429309 0.754720654578 0.004589304569 -0.005250215265 0.999975686466 1.206001555284
0.998748942223 0.049473171175 -0.007277069627 98.570497185028 -0.049428304364 0.998758297579 0.006221394179 0.697294229169 0.007575825772 -0.005853917643 0.999954168206 1.224588263962
0.998661981094 0.051052763742 -0.008237890039 99.736276672096 -0.051001731498 0.998678753799 0.006290476571 0.638609182491 0.008548151972 -0.005861913138 0.999946282093 1.246375450497
0.998636242463 0.051640971615 -0.007672371932 100.920074783333 -0.051592350186 0.998647684586 0.006405581406 0.581133808423 0.007992786912 -0.006001010046 0.999950050370 1.268909951929
0.998685997035 0.050908433404 -0.005883088836 102.098945370572 -0.050870392083 0.998684470448 0.006444508902 0.528478102536 0.006203429311 -0.006136765763 0.999961928061 1.291244271457
0.998766556018 0.049460517917 -0.004361622148 103.282930330994 -0.049435427189 0.998761146942 0.005684179656 0.472814212553 0.004637361209 -0.005461549885 0.999974332848 1.316874954033
0.998854965689 0.047703884334 -0.003618969101 104.472206168359 -0.047681380771 0.998844160570 0.006068675561 0.410094254356 0.003904285550 -0.005889169275 0.999975036808 1.335110662351
0.998972224755 0.045223599068 -0.003052909184 105.668563185846 -0.045204093130 0.998958646726 0.006181593335 0.362204313532 0.003329283925 -0.006037236055 0.999976233542 1.356898576271
0.999103723338 0.042213200738 -0.003129807609 106.869500905723 -0.042190962849 0.999086014038 0.006859971355 0.307308034189 0.003416528356 -0.006721773326 0.999971572145 1.373608824488
0.999256083810 0.038406861316 -0.003491700415 108.074322098025 -0.038376749627 0.999228732804 0.008316527349 0.266869394211 0.003808419093 -0.008176340437 0.999959320873 1.392034211457
0.999399518474 0.034495007822 -0.003270613077 109.276905778807 -0.034466422727 0.999370328560 0.008426867602 0.230659230466 0.003559238529 -0.008309081091 0.999959144662 1.413333521623
0.999528855600 0.030611085797 -0.002242375992 110.490186160009 -0.030589450667 0.999490432644 0.009119241218 0.191549479835 0.002520383226 -0.009046351689 0.999955904623 1.429926581596
0.999655724022 0.026204579593 -0.001324174433 111.703764314738 -0.026191351878 0.999614827009 0.009176639360 0.162640187210 0.001564134373 -0.009138798145 0.999957017002 1.451411185726
0.999758299991 0.021971128715 -0.000781730519 112.920013502124 -0.021962938073 0.999715728581 0.009278543972 0.134250963331 0.000985368380 -0.009259132249 0.999956647820 1.469267435516
0.999855427846 0.016993303106 -0.000592500605 114.137304090051 -0.016986766814 0.999808746372 0.009691255361 0.114537178981 0.000757073727 -0.009679789606 0.999952863145 1.488712234343
0.999926751110 0.012079249746 -0.000764290356 115.356001758775 -0.012070524518 0.999871564655 0.010543084577 0.105782952387 0.000891544745 -0.010533086922 0.999944128053 1.504627844664
0.999972309237 0.007354696596 -0.001135427946 116.581251935036 -0.007341582855 0.999910870685 0.011151315912 0.094807422851 0.001217341291 -0.011142671285 0.999937177505 1.522534513156
0.999995304811 0.002579521403 -0.001654214504 117.806245052296 -0.002559363464 0.999923827670 0.012074291584 0.096368649523 0.001685234392 -0.012070001157 0.999925734771 1.543516494918
0.999997838942 -0.000837694185 -0.001902729663 119.038413743036 0.000864062908 0.999903015854 0.013900082083 0.101901332606 0.001890901110 -0.013901696122 0.999901578826 1.561373146599
0.999993766420 -0.002994684405 -0.001870557882 120.268518237060 0.003024602180 0.999864173803 0.016201411244 0.113144619755 0.001821785697 -0.016206967945 0.999866998799 1.573799091681
0.999990028891 -0.003979511512 -0.002026229717 121.502886159171 0.004013566160 0.999845903156 0.017089798950 0.124472441964 0.001957908430 -0.017097760952 0.999851905617 1.597921305111
0.999986910206 -0.004761377557 -0.001873152630 122.748560217106 0.004796461298 0.999804277371 0.019193772703 0.133267808701 0.001781397213 -0.019202505965 0.999814027902 1.616753341289
0.999981910647 -0.005915392051 -0.001089273020 123.985350096255 0.005936626301 0.999769161728 0.020648964299 0.146152155120 0.000966874855 -0.020655057379 0.999786194022 1.630475224255
0.999980260149 -0.006253714616 -0.000608577444 125.229271966670 0.006265086631 0.999761160192 0.020937317421 0.153144483089 0.000477496084 -0.020940716912 0.999780605119 1.655695044900
0.999972703838 -0.007275766106 0.001286392892 126.474846824497 0.007242478976 0.999680365274 0.024222175462 0.178408178651 -0.001462216599 -0.024212197616 0.999705772420 1.670342933316
0.999960015374 -0.007910411273 0.004170497165 127.725964974387 0.007801106720 0.999641719134 0.025604220361 0.189796129502 -0.004371542869 -0.025570662093 0.999663458797 1.670679222355
0.999954068613 -0.008464266520 0.004496315850 128.979706521804 0.008354960522 0.999681906097 0.023796664830 0.200246044054 -0.004696306913 -0.023758005275 0.999706707933 1.689576343790
0.999955211042 -0.009047947826 0.002776787746 130.236915293659 0.008977881332 0.999664753122 0.024285366226 0.221384864109 -0.002995589563 -0.024259348839 0.999701210581 1.705165324358
0.999948768625 -0.009510373585 0.003465965984 131.496862403206 0.009432694705 0.999718322612 0.021778422890 0.224987124341 -0.003672110638 -0.021744613753 0.999756814118 1.711535576234
0.999924285455 -0.010974560680 0.005566181430 132.756817854771 0.010869112878 0.999767301961 0.018633419303 0.246755606991 -0.005769379781 -0.018571509027 0.999810888773 1.727499689267
0.999909811999 -0.011232027714 0.007362704793 134.018345580009 0.011113259531 0.999810578127 0.015978214150 0.256545861525 -0.007540777880 -0.015894949458 0.999845231649 1.734764354385
0.999899458374 -0.011205693673 0.008689394264 135.282191426367 0.011087026948 0.999846230780 0.013586486977 0.267142914454 -0.008840304114 -0.013488781421 0.999869942442 1.740006549285
0.999913618437 -0.011166546054 0.006932814240 136.543185329278 0.011099382980 0.999891817795 0.009651756483 0.276721736252 -0.007039841016 -0.009573972789 0.999929387349 1.753718401460
0.999926940086 -0.010666193404 0.005687425428 137.813112125220 0.010623198450 0.999915166896 0.007537019739 0.285600384873 -0.005767334256 -0.007476050436 0.999955422269 1.755320490246
0.999925286229 -0.010809153430 0.005708253768 139.085835644782 0.010777436174 0.999926473834 0.005558218722 0.301026645645 -0.005767913701 -0.005496283105 0.999968260518 1.771591859222
0.999926497030 -0.010557441331 0.005961624724 140.361040505936 0.010523703464 0.999928591520 0.005662466461 0.317484001113 -0.006020980170 -0.005599311882 0.999966197181 1.776517740854
0.999925107895 -0.009451327154 0.007775025188 141.640284193079 0.009405130224 0.999938027110 0.005956967726 0.334627808187 -0.007830844598 -0.005883396472 0.999952030609 1.785968608496
0.999914119247 -0.009043223167 0.009485475439 142.913783413425 0.008963957593 0.999924825839 0.008366010690 0.356206545604 -0.009560418078 -0.008280264812 0.999920014612 1.790719855554
0.999930702178 -0.008411331666 0.008236524887 144.188036943852 0.008344015317 0.999931783777 0.008173444809 0.371718618021 -0.008304712577 -0.008104152718 0.999932674963 1.806776612207
0.999954395421 -0.007468672773 0.005951974838 145.462689659407 0.007413185803 0.999929362131 0.009290609518 0.378282271438 -0.006020942926 -0.009246062728 0.999939127432 1.807797524747
0.999966411310 -0.007255161563 0.003812988738 146.731848439872 0.007220908653 0.999934130540 0.008921494218 0.395667870785 -0.003877464461 -0.008893661314 0.999952932921 1.821456586949
0.999978398917 -0.006570607671 -0.000169750313 148.003648975346 0.006571731841 0.999947989277 0.007799428290 0.400497803446 0.000118494501 -0.007800375367 0.999969569589 1.840648362147
0.999974524480 -0.006033879047 -0.003813488415 149.269730879950 0.006064859633 0.999948271494 0.008165280950 0.412782576869 0.003764022831 -0.008188201207 0.999959391922 1.855442033306
0.999971306782 -0.005884527026 -0.004770529736 150.535775696473 0.005921397494 0.999952421628 0.007751872864 0.422237793723 0.004724686657 -0.007779898641 0.999958574399 1.878846220472
0.999971895101 -0.006076514569 -0.004391466653 151.804784800090 0.006108620447 0.999954440848 0.007334915397 0.426617818269 0.004346695861 -0.007361535053 0.999963456351 1.906140026054
0.999972210949 -0.006314308995 -0.003963184466 153.074087381281 0.006346164677 0.999947238997 0.008077463449 0.444876503039 0.003911971764 -0.008102390005 0.999959523057 1.928133824507
0.999976320244 -0.006256735569 -0.002865695561 154.336039439106 0.006281009227 0.999943796547 0.008541233575 0.459516188079 0.002812094259 -0.008559030780 0.999959416735 1.953817976449
0.999973974374 -0.006810160509 -0.002381656778 155.604804283868 0.006831710337 0.999934706191 0.009160299541 0.470854943986 0.002319118160 -0.009176331928 0.999955207308 1.973679363720
0.999969904622 -0.007309099551 -0.002601329173 156.871697418128 0.007333395956 0.999928396886 0.009456342046 0.488170926776 0.002532025564 -0.009475134031 0.999951904184 1.997460947942
0.999967934479 -0.007661742554 -0.002329745769 158.131832692599 0.007684237752 0.999922403524 0.009805071177 0.495340375393 0.002254441058 -0.009822659092 0.999949215142 2.019256798686
0.999962343294 -0.008585269022 -0.001266944991 159.394071841972 0.008596665425 0.999919967738 0.009281996707 0.510660108356 0.001187155156 -0.009292538680 0.999956118731 2.040832314550
0.999958327301 -0.009088361462 -0.000863334977 160.656285857830 0.009096462407 0.999909665748 0.009895186509 0.523679187018 0.000773325957 -0.009902627444 0.999950668752 2.059843444383
0.999950489903 -0.009794390397 -0.001757173835 161.919506405333 0.009811957118 0.999898979741 0.010283764375 0.541338783899 0.001656273121 -0.010300496539 0.999945576784 2.082203600212
0.999940881336 -0.010487883608 -0.002870214328 163.183526666337 0.010518829990 0.999884302217 0.010988011416 0.557491282101 0.002754641266 -0.011017553116 0.999935510658 2.102539361526
0.999936714230 -0.010809306675 -0.003118721592 164.446985940404 0.010844815935 0.999873873136 0.011602921529 0.575284252465 0.002992908700 -0.011636009191 0.999927820289 2.119852384331
0.999923483019 -0.011753465582 -0.003857998714 165.711897882546 0.011796011157 0.999867733182 0.011196886277 0.593601011315 0.003725886211 -0.011241538521 0.999929870333 2.144366972727
0.999914596960 -0.012120107177 -0.004888945462 166.976227866861 0.012176481009 0.999857752579 0.011670814786 0.611859345968 0.004746798496 -0.011729348215 0.999919941943 2.169516336233
0.999904544406 -0.013009188707 -0.004654362043 168.248874825765 0.013064147264 0.999842901850 0.011979135021 0.632165503248 0.004497792023 -0.012038796817 0.999917415209 2.192102723312
0.999894481343 -0.014136481064 -0.003344560057 169.516752679866 0.014175753882 0.999827203696 0.012025421049 0.653707634307 0.003173984992 -0.012071563803 0.999922098549 2.216473450676
0.999889775146 -0.014563275671 -0.002889387435 170.775206521045 0.014597279661 0.999820009387 0.012118921403 0.672720484492 0.002712376179 -0.012159762793 0.999922388580 2.239031924955
0.999876391978 -0.015519074125 -0.002521726156 172.050389555159 0.015549709650 0.999799442229 0.012620691284 0.699484839553 0.002325358961 -0.012658343375 0.999917176094 2.260036003198
0.999866314522 -0.016181819448 -0.002345592235 173.300869450786 0.016210603154 0.999786394891 0.012821112934 0.720521537723 0.002137622270 -0.012857422402 0.999915055022 2.282438234504
0.999845794192 -0.017272257061 -0.003171273117 174.567799737333 0.017312915293 0.999761986764 0.013275269724 0.752614246429 0.002941224441 -0.013328126583 0.999906850782 2.303354636464
0.999832645400 -0.017917239716 -0.003695093172 175.835522947770 0.017968642140 0.999735113789 0.014381590937 0.778695538859 0.003436435981 -0.014445579918 0.999889751987 2.325375409479
0.999830085880 -0.018110579670 -0.003436025766 177.082505818235 0.018157990365 0.999732735853 0.014308887064 0.798629752093 0.003175965201 -0.014368847105 0.999891718877 2.346028866272
0.999817117464 -0.018591122530 -0.004483501922 178.357545384920 0.018652556832 0.999726970733 0.014073596290 0.823931787934 0.004220633842 -0.014154651249 0.999890910099 2.367747092548
0.999815665103 -0.018249864894 -0.005964750315 179.592770446521 0.018326039875 0.999747858489 0.012975966599 0.844234539502 0.005726436717 -0.013082884927 0.999898017822 2.393386893952
0.999817695934 -0.018252581512 -0.005605190848 180.844999688144 0.018308747055 0.999780981357 0.010138002661 0.865998007889 0.005418918486 -0.010238778483 0.999932899118 2.427866241411
0.999824490968 -0.018588808287 -0.002333123742 182.099065789937 0.018611928567 0.999773589389 0.010313392959 0.894253682406 0.002140881813 -0.010355006798 0.999944093667 2.446424671404
0.999814230081 -0.019184618905 0.001858958155 183.363749606677 0.019167849519 0.999778827989 0.008653822852 0.911193504704 -0.002024567299 -0.008616583001 0.999960827045 2.459693033732
0.999807071435 -0.019584508373 0.001505635867 184.617251772382 0.019569266711 0.999762922575 0.009546855240 0.948096665431 -0.001692249382 -0.009515549189 0.999953294217 2.482984473863
0.999822566089 -0.018773705639 -0.001544123163 185.860919249416 0.018790556844 0.999754533006 0.011738343468 0.983348777775 0.001323371927 -0.011765275622 0.999929911032 2.499847021576
0.999817052457 -0.018826531887 -0.003379839328 187.106307936012 0.018867371045 0.999744005243 0.012487845695 1.018118860387 0.003143871282 -0.012549329757 0.999916311696 2.523594978327
0.999815804680 -0.018903609286 -0.003318172368 188.350273247803 0.018942021303 0.999749118993 0.011954032851 1.043706537196 0.003091365536 -0.012014683866 0.999923042454 2.545811263097
0.999821200405 -0.018793110747 -0.002094327985 189.601458709315 0.018816588871 0.999753086741 0.011819540366 1.065636523506 0.001871684936 -0.011856835145 0.999927953533 2.568074173453
0.999824753335 -0.018718416672 -0.000288955465 190.841503657619 0.018720520983 0.999755522364 0.011765950775 1.093199914663 0.000068644852 -0.011769298228 0.999930737055 2.587361065308
0.999839571663 -0.017897407326 0.000716761505 192.076994401865 0.017888567778 0.999780935168 0.010866499817 1.119141476561 -0.000911086661 -0.010851934686 0.999940700959 2.608695738539
0.999861252410 -0.016656622566 0.000181255809 193.304280599272 0.016653651423 0.999801708324 0.010917871924 1.142483000689 -0.000363074739 -0.010913338524 0.999940381832 2.624578473795
0.999886885600 -0.014991298042 -0.001215313952 194.525181744104 0.015002509845 0.999839320333 0.009811127028 1.163193432491 0.001068037146 -0.009828250007 0.999951131205 2.651729472028
0.999904693365 -0.013542261197 -0.002685395488 195.758021464327 0.013568869527 0.999856410404 0.010151076472 1.183075593604 0.002547541364 -0.010186546788 0.999944870629 2.671141741192
0.999920256039 -0.012199342313 -0.003264599428 196.978724651260 0.012229455529 0.999881324898 0.009368913348 1.200502734972 0.003149917420 -0.009408090507 0.999950781715 2.698608253219
0.999937765611 -0.010871025981 -0.002507129614 198.202757512747 0.010894567101 0.999894804859 0.009575365485 1.215720853587 0.002402771830 -0.009602083660 0.999951012139 2.720784092702
0.999950687787 -0.009901626899 -0.000761431843 199.422458683104 0.009907819421 0.999913834241 0.008611574068 1.231430429466 0.000676097640 -0.008618693542 0.999962629809 2.736737903734
0.999959860591 -0.008957794575 -0.000187409712 200.628568614358 0.008959144583 0.999917116312 0.009246309192 1.249328416661 0.000104567640 -0.009247617082 0.999957234408 2.760881063780
0.999971555965 -0.007535761546 -0.000315528990 201.826707691513 0.007538430375 0.999926025744 0.009545423324 1.263038293857 0.000243573615 -0.009547530407 0.999954391627 2.782371072046
0.999978333184 -0.006582792936 -0.000000756332 203.023604551896 0.006582478666 0.999929457153 0.009886945502 1.275116642406 -0.000064327437 -0.009886736262 0.999951122960 2.802552659888
0.999985004036 -0.005473797332 0.000171014000 204.216084417792 0.005471885008 0.999938152212 0.009682470037 1.278094546974 -0.000224003301 -0.009681389070 0.999953109165 2.820995517631
0.999989281678 -0.004629582074 0.000059155430 205.393087358710 0.004628741660 0.999937628819 0.010164311200 1.289906333803 -0.000106208253 -0.010163928440 0.999948340305 2.841699015627
0.999992295356 -0.003922765683 0.000145391767 206.563627268880 0.003921115753 0.999942314982 0.009999577952 1.300804585044 -0.000184609382 -0.009998930811 0.999949992401 2.858102529117
0.999994593690 -0.003273712904 0.000308858647 207.724862746683 0.003270863920 0.999955814023 0.008813140785 1.303258164493 -0.000337696693 -0.008812082904 0.999961115822 2.883431004017
0.999994838971 -0.003068103427 0.000953295601 208.868155407267 0.003059790129 0.999958312298 0.008602984985 1.310773198713 -0.000979650708 -0.008600023700 0.999962539237 2.901744175322
0.999992173728 -0.003446559095 0.001942604629 210.003143750351 0.003430980093 0.999962379150 0.007966722032 1.311770547758 -0.001969989325 -0.007959994645 0.999966378248 2.922819342356
0.999988598633 -0.004369823269 0.001925421712 211.113778936951 0.004353627162 0.999955768258 0.008337113273 1.317811075377 -0.001961768258 -0.008328635650 0.999963391977 2.940432378184
0.999988214437 -0.004708353361 0.001184227835 212.206249158312 0.004698052421 0.999952362189 0.008555796661 1.330723995939 -0.001224455135 -0.008550132261 0.999962697278 2.962793696607
0.999986483295 -0.005178725040 0.000462638924 213.294356805906 0.005174418322 0.999947272986 0.008869985453 1.338337508962 -0.000508549747 -0.008867471673 0.999960553884 2.980712259135
0.999981777538 -0.006031046752 0.000266584729 214.367610153316 0.006028510336 0.999944277743 0.008665937419 1.344204195876 -0.000318834548 -0.008664172395 0.999962414524 3.000183206485
0.999974696513 -0.007106540064 0.000321591643 215.425937582426 0.007103748282 0.999942934244 0.007979035979 1.349893428272 -0.000378276630 -0.007976549576 0.999968115274 3.022707163417
0.999959652713 -0.008931640975 0.000958506790 216.475003898944 0.008924006642 0.999930582784 0.007693615481 1.361841374333 -0.001027156865 -0.007684751343 0.999969944321 3.038951277006
0.999937799912 -0.010891289861 0.002403354187 217.513208339526 0.010875055104 0.999918633728 0.006667765776 1.370505648981 -0.002475779205 -0.006641214431 0.999974882079 3.058608394497
0.999906356986 -0.013007588422 0.004252046784 218.532924039369 0.012979315342 0.999893913063 0.006610596988 1.385164707243 -0.004337583622 -0.006554789296 0.999969109576 3.070632916297
0.999872712628 -0.015335657015 0.004401836750 219.531352049906 0.015305319765 0.999859437885 0.006844827142 1.406242351549 -0.004506187940 -0.006776584363 0.999966885539 3.089717619936
0.999834150115 -0.017779270469 0.003945859170 220.514851287043 0.017750064137 0.999815679089 0.007317313161 1.431177480817 -0.004075228356 -0.007246060332 0.999965442965 3.103734288591
0.999780309632 -0.020565715534 0.004047692645 221.480238229250 0.020535392434 0.999761772821 0.007395624649 1.454906766862 -0.004198824688 -0.007310878944 0.999964459829 3.118569121855
0.999713303749 -0.023516296399 0.004504898595 222.423371081676 0.023481238711 0.999694754389 0.007683064194 1.478760365320 -0.004684200710 -0.007575080889 0.999960337420 3.132136566049
0.999641626878 -0.026419744538 0.004314500051 223.341193835185 0.026384747746 0.999620039368 0.007976338744 1.502940051613 -0.004523593543 -0.007859643243 0.999958880709 3.148707029979
0.999560427092 -0.029411795058 0.003728123324 224.237723975740 0.029381857439 0.999537469794 0.007845567667 1.534135026518 -0.003957151183 -0.007732579780 0.999962273371 3.162539648170
0.999466256971 -0.032510124156 0.003208271132 225.111637107152 0.032484372301 0.999441989955 0.007776520482 1.563651795969 -0.003459296531 -0.007668151145 0.999964615737 3.181377061364
0.999355513949 -0.035777702440 0.002917661437 225.964960259484 0.035750800151 0.999321962695 0.008803133790 1.599905285350 -0.003230639055 -0.008693151562 0.999956995119 3.191897745651
0.999246384389 -0.038749379692 0.002269109580 226.800119924483 0.038727035206 0.999207670140 0.009178707843 1.636187017775 -0.002622980932 -0.009083914739 0.999955300233 3.211522927754
0.999155721178 -0.041027738109 0.002137649053 227.609838780341 0.041001981743 0.999099050001 0.010951062956 1.672494566291 -0.002585020481 -0.010854169358 0.999937750401 3.222467411873
0.999113968440 -0.042013589669 0.002477165950 228.402001073509 0.041981588148 0.999048698760 0.011800159413 1.710735793536 -0.002970576475 -0.011685708739 0.999927307301 3.235575636726
0.999123335562 -0.041715134815 0.003522479732 229.176890046685 0.041671245442 0.999062531849 0.011728800374 1.745494785414 -0.004008446009 -0.011571732034 0.999925010877 3.249716948255
0.999137618767 -0.041296481245 0.004315020468 229.936982363504 0.041243225773 0.999079723946 0.011777161315 1.779202180553 -0.004797404779 -0.011589039549 0.999921336441 3.261478386838
0.999152274193 -0.040974814922 0.003974608989 230.677262585214 0.040926580699 0.999095511213 0.011540124233 1.810020423699 -0.004443868455 -0.011367674216 0.999925511234 3.274903603270
0.999180563202 -0.040414538985 0.002206163531 231.412814413955 0.040385050199 0.999111123033 0.012083524001 1.842508009426 -0.002692552575 -0.011984526292 0.999924557799 3.286925725155
0.999219903925 -0.039491396278 0.000114976241 232.139828258356 0.039487074019 0.999145971893 0.012169545398 1.876884225666 -0.000595470388 -0.012155511908 0.999925941730 3.298237334744
0.999272312136 -0.038122635128 -0.001229182034 232.865522109754 0.038134863636 0.999197292510 0.012267958939 1.905094892914 0.000760508438 -0.012305906384 0.999923990259 3.311328666450
0.999316939282 -0.036914662998 -0.001721197281 233.591797050060 0.036933788998 0.999234919878 0.012863519203 1.932888439582 0.001245027951 -0.012918302976 0.999915780130 3.320294215310
0.999376037670 -0.035267790832 -0.001928279328 234.310298136004 0.035288920508 0.999301218349 0.012319378844 1.955123932435 0.001492454606 -0.012379738911 0.999922254300 3.333990434970
0.999442362052 -0.033338597620 -0.001871589054 235.029764552264 0.033358953763 0.999369319223 0.012171442004 1.977562999135 0.001464629872 -0.012227088999 0.999924173702 3.347460303766
0.999504311472 -0.031420203354 -0.001975391319 235.742108901167 0.031441797469 0.999432776090 0.012063973182 2.000945576536 0.001595218339 -0.012120103063 0.999925276398 3.357677815298
0.999571672103 -0.029181434299 -0.002217255536 236.446650944850 0.029205986278 0.999501473475 0.011992284441 2.019333281527 0.001866198115 -0.012051904945 0.999925631681 3.372136783970
0.999647766727 -0.026476189628 -0.001831354980 237.145080778822 0.026496265604 0.999577127405 0.011979744511 2.042720382394 0.001513402563 -0.012024048914 0.999926563234 3.382666745058
0.999728569810 -0.023266388756 -0.001209073959 237.847250070411 0.023278315963 0.999668254809 0.011022718919 2.060742161842 0.000952213991 -0.011047872226 0.999938517014 3.393750402805
0.999793878894 -0.020291985469 -0.000659584561 238.544496915315 0.020297467126 0.999746185964 0.009776322325 2.075850324745 0.000461036159 -0.009787695114 0.999951993083 3.406470007032
0.999846815423 -0.017494789309 -0.000527289846 239.238417271171 0.017498994227 0.999802181529 0.009454258848 2.085782002839 0.000361785271 -0.009462037643 0.999955168473 3.417815911323
0.999896371503 -0.014373398281 -0.000807265444 239.929287390954 0.014380205608 0.999854480289 0.009177577681 2.097395682513 0.000675234992 -0.009188235266 0.999957559295 3.431535408964
0.999932352645 -0.011583328461 -0.001056709542 240.623178727735 0.011592491736 0.999891194892 0.009122089266 2.107719121567 0.000950930410 -0.009133722078 0.999957834537 3.442230459317
0.999960393988 -0.008723840375 -0.001762119198 241.315983205047 0.008741282060 0.999910324150 0.010145622050 2.117881818489 0.001673452392 -0.010160623403 0.999946979239 3.454378297523
0.999982341749 -0.005483937853 -0.002289675945 242.011767838286 0.005507268999 0.999931675492 0.010310884322 2.125856245606 0.002232975255 -0.010323312111 0.999944219969 3.467641214389
0.999995323564 -0.002690249031 -0.001454444801 242.710335528362 0.002704890928 0.999944721864 0.010160550229 2.130234844757 0.001427029992 -0.010164436828 0.999947322517 3.474198312369
0.999999666034 -0.000097410041 -0.000811444719 243.412470417087 0.000106043051 0.999943326021 0.010645820850 2.131081698242 0.000810361721 -0.010645903343 0.999943002404 3.483060539254
0.999997383211 0.002107535504 -0.000889867815 244.118358944592 -0.002098390281 0.999946226061 0.010155872442 2.130540289077 0.000911223825 -0.010153978576 0.999948031845 3.494282659634
0.999987581381 0.004470433682 -0.002202794965 244.819676792044 -0.004448404099 0.999941038106 0.009906160324 2.127085098904 0.002246949916 -0.009896238381 0.999948506515 3.506228844783
