1.000000000000 0.000000000000 0.000000000000 0.000000000000 0.000000000000 1.000000000000 0.000000000000 0.000000000000 0.000000000000 0.000000000000 1.000000000000 0.000000000000
0.999979634292 -0.006352542069 0.000613359209 0.100556311716 0.006351953684 0.999979368670 0.000956513394 0.029792308946 -0.000619422847 -0.000952597885 0.999999354436 0.004150620405
0.999911659611 -0.013273437692 0.000699161287 0.195828938231 0.013272051277 0.999910017857 0.001951625929 0.043397199234 -0.000725003160 -0.001942174217 0.999997851163 0.011458166613
0.999784909331 -0.020738615504 0.000211898630 0.300050200061 0.020738028643 0.999781885453 0.002472991892 0.054035387930 -0.000263138840 -0.002468065615 0.999996919700 0.016469326538
0.999560025913 -0.029637323752 -0.001176281024 0.404821683024 0.029640374002 0.999557071072 0.002666439219 0.071993181816 0.001096733892 -0.002700131465 0.999995753223 0.017686922503
0.999160811540 -0.040850673965 -0.002982468714 0.519330210808 0.040859218918 0.999160812641 0.002862640732 0.090148676421 0.002863025061 -0.002982099779 0.999991455048 0.015536780730
0.998514964737 -0.054326236640 -0.004065121064 0.648720459265 0.054337720725 0.998518772742 0.002769943835 0.114349377579 0.003908619071 -0.002986719784 0.999987901028 0.015528033924
0.997509452124 -0.070395358668 -0.004402999040 0.785985433734 0.070408518604 0.997513999877 0.002908703850 0.138972873008 0.004187293933 -0.003211468224 0.999986076424 0.014275783976
0.996037022965 -0.088830948552 -0.004394480849 0.941236161103 0.088839203632 0.996044495724 0.001720010512 0.166654794547 0.004224308296 -0.002103596329 0.999988864989 0.015536976161
0.994042837196 -0.108896591562 -0.004513331896 1.106642487145 0.108899710753 0.994052639483 0.000450481801 0.191045835669 0.004437433551 -0.000939298746 0.999989713398 0.020753495602
0.991374571262 -0.130964555626 -0.004974396873 1.278915418922 0.130968367897 0.991386446699 0.000447115059 0.223977140239 0.004872993416 -0.001094747139 0.999987527654 0.026970162775
0.987872073055 -0.155118075891 -0.006866571954 1.457633372111 0.155144659430 0.987885486181 0.003521483154 0.270145599155 0.006237141082 -0.004544086831 0.999970224230 0.032640651805
0.983551196255 -0.180366270689 -0.009749499668 1.641755061470 0.180443850389 0.983554656330 0.007762400923 0.326761424889 0.008189090489 -0.009393955973 0.999922343179 0.033449097244
0.978198778078 -0.207346929587 -0.011593159945 1.831937820591 0.207471680509 0.978180896992 0.010845946073 0.379419125440 0.009091333977 -0.013014743571 0.999873974107 0.036841864823
0.971456121001 -0.236882694138 -0.012633059286 2.030026248320 0.237025199901 0.971437748382 0.011302903587 0.443948666867 0.009594768414 -0.013974628277 0.999856314769 0.044269657331
0.963459970774 -0.267536507899 -0.013003909272 2.216254335896 0.267692061801 0.963427319150 0.012196752232 0.511751996107 0.009265244949 -0.015232125834 0.999841056158 0.052005151490
0.954041905318 -0.299378832368 -0.013279970891 2.421837398132 0.299552240753 0.953978986240 0.013876198042 0.604334393749 0.008514573201 -0.017216519456 0.999815529736 0.053296660009
0.942888912518 -0.332828910879 -0.013616707897 2.618159753693 0.333023538280 0.942780660329 0.016122948248 0.708729670382 0.007471385557 -0.019736833384 0.999777293104 0.062046185474
0.930687813289 -0.365498355434 -0.015203498596 2.801699431432 0.365735409038 0.930546605599 0.017906015318 0.822213826015 0.007602944861 -0.022225368019 0.999724076056 0.059453092956
0.916849124177 -0.398883411464 -0.016724459779 3.007089964620 0.399174223994 0.916631534807 0.021132162606 0.941847728126 0.006900898124 -0.026050978031 0.999636796116 0.057694228954
0.900848168415 -0.433772773670 -0.017713223467 3.204668117811 0.434085661481 0.900607847467 0.021797788363 1.061265136864 0.006497380940 -0.027325554048 0.999605471242 0.046350636442
0.882689188837 -0.469619235161 -0.017820490378 3.392745241520 0.469895322986 0.882553625020 0.017247736067 1.183086527927 0.007627669763 -0.023598155240 0.999692425561 0.042208776661
0.861424996543 -0.507600574375 -0.016989179630 3.597935013111 0.507818926951 0.861369999425 0.012714618387 1.327232937032 0.008180022051 -0.019580117070 0.999774827776 0.055553170762
0.837060134065 -0.546888998109 -0.015580619572 3.777116915777 0.547083337411 0.836964321808 0.013803838183 1.486646783753 0.005491255459 -0.020078539994 0.999783325699 0.064012885868
0.808378214926 -0.588439584594 -0.016233204118 3.970198134913 0.588661059925 0.808146144104 0.019441355356 1.670065224343 0.001678738245 -0.025271823280 0.999679206939 0.056128969671
0.776262731209 -0.630148513073 -0.018139007887 4.148709489707 0.630409517286 0.775946449366 0.022157351630 1.866115608797 0.000112476581 -0.028634929499 0.999589930002 0.063225913648
0.741111326677 -0.671108835947 -0.019155463573 4.310464767502 0.671382132277 0.740801762417 0.021419179672 2.057793904572 -0.000184199562 -0.028734632641 0.999587058218 0.053568419822
0.701658994743 -0.712336889429 -0.015837015341 4.499394963427 0.712512137779 0.701452038307 0.017073121364 2.272030453124 -0.001052907473 -0.023263574830 0.999728811965 0.063700036390
0.659376969100 -0.751699452192 -0.013036341267 4.664379793899 0.751811301198 0.659246024130 0.013207840848 2.503695321950 -0.001334170581 -0.018509814757 0.999827788545 0.071100559556
0.615506413341 -0.788060561965 -0.010602160705 4.810017006114 0.788125724038 0.615392759205 0.012230904589 2.749906462642 -0.003114200614 -0.015884035797 0.999868990999 0.072172752689
0.567613784609 -0.823253469403 -0.008265387912 4.975313713949 0.823276667858 0.567505644910 0.012364107619 3.025351592978 -0.005488140196 -0.013822738937 0.999889399987 0.066538085454
0.516979192458 -0.855970099392 -0.006906772994 5.114795531865 0.855966465312 0.516874121727 0.012749609818 3.314452670289 -0.007343352558 -0.012503249054 0.999894866442 0.071586988935
0.465252009089 -0.885157364178 -0.006083476010 5.219255375543 0.885129508829 0.465143258250 0.013693133513 3.608813032427 -0.009290890115 -0.011755422010 0.999887738406 0.065148681406
0.410723122003 -0.911746372786 -0.005006871685 5.349595805930 0.911683958350 0.410611643220 0.015180202252 3.940887931086 -0.011784614532 -0.010799544658 0.999872238186 0.063538110337
0.356242717355 -0.934380986007 -0.004826937001 5.424890115234 0.934288087355 0.356120216412 0.016857084243 4.272632230928 -0.014031969147 -0.010514963236 0.999846257877 0.062230092940
0.300984282633 -0.953624019164 -0.003113146631 5.532192621479 0.953468253693 0.300871956482 0.019348255781 4.649202549197 -0.017514302924 -0.008791807368 0.999807958218 0.062046344732
0.247221375209 -0.968958919939 0.000450677161 5.609024703808 0.968749184686 0.247177488909 0.020695558633 5.033107117830 -0.020164543390 -0.004679791334 0.999785722414 0.057838747879
0.196777471396 -0.980446503274 0.001811344361 5.658092902893 0.980223904254 0.196771637054 0.021024280718 5.417433725850 -0.020969603709 -0.002361581756 0.999777324534 0.068202450039
0.149164216381 -0.988811816200 -0.001108464700 5.700967708092 0.988586840174 0.149106146265 0.021527112706 5.843368984402 -0.021120984512 -0.004306888513 0.999767650369 0.061479602373
0.106857858388 -0.994265163870 -0.004264037429 5.716265920957 0.994059128855 0.106744532002 0.021261543388 6.272331697321 -0.020684449241 -0.006510668325 0.999764854732 0.044734942687
0.068596279097 -0.997622127746 -0.006681371565 5.728258513300 0.997461807010 0.068454017325 0.019595690041 6.729745348628 -0.019091727268 -0.008008604377 0.999785661132 0.033822615651
0.034025139051 -0.999398282951 -0.006735127824 5.725214419318 0.999283769258 0.033908031333 0.016798628166 7.199133275839 -0.016560145219 -0.007301879578 0.999836208659 0.031520563886
0.002601388594 -0.999972919581 -0.006884248825 5.714442545822 0.999898879904 0.002504824753 0.013998422069 7.661493837724 -0.013980799149 -0.006919968024 0.999878318246 0.032489620538
-0.024237862589 -0.999677666611 -0.007555719469 5.687537750951 0.999634142169 -0.024326178734 0.011824501570 8.158289414396 -0.012004491921 -0.007266354506 0.999901541286 0.025468579871
-0.045446119206 -0.998931580112 -0.008387401452 5.657235326612 0.998920238669 -0.045523455218 0.009272098077 8.657751413518 -0.009644015078 -0.007956964186 0.999921836792 0.018739351385
-0.062273791174 -0.998023630369 -0.008414758364 5.616549460067 0.998021929666 -0.062342026227 0.008105533356 9.179593588246 -0.008614106912 -0.007893351088 0.999931743756 0.007892752859
-0.075712641945 -0.997091412347 -0.008735632447 5.567597324802 0.997089213437 -0.075785589544 0.008345349958 9.717621832383 -0.008983111831 -0.008078356392 0.999927019267 0.001850523350
-0.085556944059 -0.996282169487 -0.010091981249 5.515254324174 0.996278792370 -0.085653810277 0.009591280358 10.263843859442 -0.010420038250 -0.009233826255 0.999903074931 0.001495323324
-0.092456769518 -0.995645096774 -0.011940981505 5.453709883193 0.995646402120 -0.092586093437 0.010772986944 10.836994058810 -0.011831640458 -0.010892959702 0.999870669493 -0.000966387562
-0.096959098763 -0.995219696760 -0.011691379224 5.390780055510 0.995206169967 -0.097095367062 0.011711915102 11.415982238686 -0.012791107354 -0.010499756006 0.999863061972 -0.003564458547
-0.098630381911 -0.995075505280 -0.009838015868 5.330672032918 0.995035080457 -0.098748995880 0.012402599440 12.026477874876 -0.013313017093 -0.008565897792 0.999874686634 -0.007153773944
-0.097820858509 -0.995175377702 -0.007552963383 5.274277343460 0.995086831303 -0.097922995234 0.014604286064 12.647528141020 -0.015273434697 -0.006087250599 0.999864824650 -0.012610128454
-0.096245863786 -0.995325843495 -0.007949778246 5.211341676626 0.995196395150 -0.096370942019 0.017227205673 13.292515891433 -0.017912810636 -0.006253543362 0.999819996005 -0.018017061056
-0.094491362917 -0.995477462623 -0.009798149992 5.146074698990 0.995364364462 -0.094648650492 0.017070879246 13.946889498566 -0.017921057231 -0.008139678693 0.999806271904 -0.028608101936
-0.092830185156 -0.995605068243 -0.012373552995 5.077069570449 0.995559008132 -0.093006842575 0.014559826967 14.609502651644 -0.015646662617 -0.010967010713 0.999817436648 -0.028921777144
-0.091482997998 -0.995717249773 -0.013342397926 5.009048634994 0.995685171974 -0.091672895355 0.014391614496 15.292834194683 -0.015553115055 -0.011968239734 0.999807412380 -0.036836245894
-0.089703414166 -0.995882839943 -0.013063942519 4.949300949914 0.995801564592 -0.089920823946 0.017131531679 15.989895767907 -0.018235718896 -0.011472337519 0.999767895078 -0.044882289921
-0.087774813734 -0.996040068059 -0.014133820966 4.883470771345 0.995904939075 -0.088053680343 0.020491503210 16.709605985243 -0.021654893205 -0.012277304230 0.999690118687 -0.057454162238
-0.085833272169 -0.996213609603 -0.013823654759 4.818477917504 0.996022578557 -0.086133264453 0.022805344984 17.436365877944 -0.023909671556 -0.011811214875 0.999644348161 -0.068773897287
-0.084188144246 -0.996335728811 -0.015082170359 4.751729865349 0.996178084875 -0.084509035249 0.022078183264 18.182150200776 -0.023271862480 -0.013165806306 0.999642477069 -0.078948653047
-0.082534755207 -0.996449639021 -0.016617192231 4.682301226561 0.996371889825 -0.082852747154 0.019454548479 18.934364865956 -0.020762257836 -0.014951226830 0.999672641151 -0.086939322615
-0.080945243905 -0.996536816395 -0.019032631408 4.614679420000 0.996514125332 -0.081300608650 0.018703182802 19.694114820819 -0.020185774764 -0.017452352347 0.999643911548 -0.096838956770
-0.079533249470 -0.996702160297 -0.016101735561 4.555095266594 0.996589298147 -0.079860073313 0.020787965486 20.484140188210 -0.022005295891 -0.014393482897 0.999654237526 -0.111546587662
-0.078221024746 -0.996838644306 -0.013935153637 4.494410059480 0.996645956236 -0.078527800947 0.023026558499 21.266316605772 -0.024048060328 -0.012087253519 0.999637728928 -0.119768206204
-0.077091112064 -0.996943359647 -0.012684561366 4.430708246657 0.996699813977 -0.077384240131 0.024518568423 22.062203843951 -0.025425209120 -0.010752536248 0.999618898233 -0.136001637386
-0.076410850750 -0.996998952403 -0.012428628012 4.364414079247 0.996848806872 -0.076653800669 0.020412032769 22.870022497934 -0.021303476861 -0.010829762215 0.999714398278 -0.142504849828
-0.076137882251 -0.997032104338 -0.011402008846 4.303042531880 0.996994843736 -0.076289006159 0.013463621474 23.670159801512 -0.014293510774 -0.010342652402 0.999844350432 -0.142394339051
-0.076338663036 -0.997051027143 -0.007852247998 4.243178024595 0.997037358209 -0.076407358619 0.008855613110 24.489464163985 -0.009429467676 -0.007152958935 0.999929957706 -0.151243862017
-0.076818938305 -0.997017325314 -0.007436648502 4.176437940832 0.996992590721 -0.076889277281 0.009685715642 25.313940799041 -0.010228624832 -0.006670237064 0.999925438806 -0.147571169908
-0.076743344291 -0.997014667971 -0.008497703095 4.107503327218 0.996905198038 -0.076875033848 0.016439443274 26.160317989439 -0.017043627291 -0.007209786532 0.999828752211 -0.161575476586
-0.077005524038 -0.996976854565 -0.010358606550 4.036085935996 0.996734641715 -0.077231659920 0.023565328606 27.011683330837 -0.024294099569 -0.008510121509 0.999668632377 -0.167646550074
-0.077135811209 -0.996947144602 -0.012101962635 3.963959732842 0.996583880190 -0.077455568616 0.028656668270 27.849640319617 -0.029506548002 -0.009850165527 0.999516051829 -0.182750118013
-0.077679836853 -0.996884455490 -0.013683031410 3.892682042998 0.996515388355 -0.078054661049 0.029403242350 28.682620018954 -0.030379659619 -0.011351312291 0.999473973644 -0.190686016509
-0.077954920194 -0.996860612100 -0.013854618767 3.823884010782 0.996583317772 -0.078298583268 0.026287308654 29.517426262723 -0.027289579617 -0.011758056889 0.999558415973 -0.194579249017
-0.078318822842 -0.996826778197 -0.014231523386 3.753042298339 0.996621675957 -0.078640818071 0.023682414253 30.355391837633 -0.024726443341 -0.012328665882 0.999618230625 -0.201708427608
-0.078422420913 -0.996795600020 -0.015762476921 3.685189998876 0.996590358060 -0.078793376764 0.024479828443 31.194974747888 -0.025643364064 -0.013788965109 0.999576051294 -0.219176657037
-0.078153873798 -0.996812156422 -0.016046707428 3.612023900934 0.996552956484 -0.078562536799 0.026648315790 32.032011243369 -0.027824035170 -0.013908724620 0.999516068128 -0.234385233946
-0.078108942992 -0.996809326853 -0.016436511880 3.536758548569 0.996595336240 -0.078507463227 0.025185591154 32.869138113227 -0.026395621017 -0.014413331180 0.999547661233 -0.242099690014
-0.077827037378 -0.996807137227 -0.017846103928 3.469944619189 0.996723767254 -0.078190878470 0.020686186589 33.700947040779 -0.022015540977 -0.016177691321 0.999626729464 -0.242049949449
-0.077597122562 -0.996805497119 -0.018907339404 3.395408346257 0.996825909679 -0.077909366919 0.016377922329 34.536940977801 -0.017798661852 -0.017576446155 0.999687089132 -0.246332107778
-0.077131277243 -0.996844347250 -0.018764685629 3.326582359434 0.996852928012 -0.077450128167 0.016903181998 35.374576723750 -0.018303168732 -0.017401867796 0.999681033636 -0.254416990166
-0.076520374722 -0.996924951616 -0.016890029542 3.260853354323 0.996855437485 -0.076842864190 0.019349702323 36.207867154723 -0.020588079298 -0.015356271316 0.999670103545 -0.257343594584
-0.076021193338 -0.996960298738 -0.017056989891 3.193359630177 0.996792479776 -0.076415239584 0.023779474771 37.055372830319 -0.025010606241 -0.015194535202 0.999571706120 -0.267825143905
-0.075349250500 -0.997038855551 -0.015362648542 3.127794527744 0.996699151487 -0.075772620575 0.029142947618 37.888161254305 -0.030220719279 -0.013116039506 0.999457191496 -0.279827037028
-0.075695558580 -0.997002869471 -0.015983137315 3.061306034678 0.996556260519 -0.076186352876 0.032730097106 38.729241251388 -0.033849697673 -0.013450572571 0.999336419863 -0.290229308840
-0.075531259582 -0.997021915031 -0.015566944897 2.995465398930 0.996570284343 -0.076007886567 0.032718030888 39.562830647057 -0.033803804394 -0.013042320619 0.999343384769 -0.301047843803
-0.075312655220 -0.997039967917 -0.015469529378 2.926065809292 0.996713786896 -0.075733933808 0.028740185839 40.391303609442 -0.029826682281 -0.013254193500 0.999467205755 -0.313599704336
-0.075018638363 -0.997037346700 -0.016992150642 2.859158564219 0.996851265145 -0.075421785165 0.024476713452 41.215275693925 -0.025685775771 -0.015102437150 0.999555980081 -0.323047389288
-0.074875064526 -0.996988522703 -0.020189361313 2.789949606961 0.996928563702 -0.075306033504 0.021504422646 42.036468861173 -0.022960043285 -0.018517205943 0.999564880084 -0.331551020362
-0.075393907621 -0.996873321842 -0.023650346574 2.715901284684 0.996929435114 -0.075858879013 0.019419883579 42.861689628241 -0.021153252633 -0.022113585742 0.999531654941 -0.344764852809
-0.076088601656 -0.996877293189 -0.021123139513 2.650612965370 0.996919759117 -0.076461660619 0.017453032319 43.691967550423 -0.019013641940 -0.019730098331 0.999624531832 -0.350960838804
-0.077433911988 -0.996841988573 -0.017607926950 2.592109795874 0.996879187055 -0.077684706399 0.014034700171 44.505793068807 -0.015358245063 -0.016466214165 0.999746461909 -0.352728170187
-0.078337640984 -0.996822484830 -0.014427326222 2.528026769306 0.996835224956 -0.078518474762 0.012425111987 45.327704686292 -0.013518442655 -0.013408313018 0.999818717994 -0.353531924334
-0.079920963283 -0.996714843531 -0.013120987496 2.459090526097 0.996663699059 -0.080121646636 0.015556115126 46.150965566150 -0.016556285978 -0.011833952227 0.999792902040 -0.356178518445
-0.081691434575 -0.996601226997 -0.010606783947 2.388325964609 0.996402879114 -0.081906551835 0.021739808182 46.977547192992 -0.022534684608 -0.008792673945 0.999707395629 -0.357295169844
-0.083698251538 -0.996451862387 -0.008848086558 2.322922262022 0.996151568214 -0.083898216651 0.025360252122 47.792147764217 -0.026012609141 -0.006691426539 0.999639219407 -0.363235923673
-0.085442316989 -0.996301450294 -0.009112113336 2.255158879169 0.996019202507 -0.085644152748 0.024714921344 48.599000593529 -0.025403911205 -0.006964139714 0.999653010826 -0.370079571559
-0.086602164248 -0.996173986011 -0.011724109415 2.173029199222 0.995997202116 -0.086836192757 0.021190776388 49.403366976981 -0.022127777206 -0.009842013078 0.999706705116 -0.371623250192
-0.087777810344 -0.996001885626 -0.016592162002 2.088577377474 0.995962603326 -0.088064399600 0.017411326752 50.202211058277 -0.018802893061 -0.014996844725 0.999710731092 -0.376676816504
-0.088851947132 -0.995820831108 -0.021123537170 2.007601797218 0.995888937207 -0.089193273553 0.015804578473 50.992167518907 -0.017622605900 -0.019632429412 0.999651945167 -0.384083341036
-0.089851836904 -0.995693773180 -0.022815728239 1.925430612899 0.995776049581 -0.090246524403 0.016900411649 51.791031880450 -0.018886674818 -0.021200822703 0.999596828042 -0.385002613409
-0.090840902926 -0.995608359042 -0.022625776497 1.849807828284 0.995660372097 -0.091259776251 0.018222971077 52.579196155558 -0.020207765631 -0.020872197899 0.999577909701 -0.387478649155
-0.091809067283 -0.995479486505 -0.024324619469 1.770826444676 0.995573662756 -0.092256146585 0.017941166177 53.364474072130 -0.020104158553 -0.022569788767 0.999543109347 -0.389686531016
-0.092283830347 -0.995404799402 -0.025553473029 1.694225726254 0.995531412509 -0.092750823521 0.017733906601 54.144841397234 -0.020022521410 -0.023802732271 0.999516147230 -0.390135400156
-0.092707230519 -0.995399619215 -0.024186100894 1.619118920430 0.995458722487 -0.093185398177 0.019452850473 54.916986401883 -0.021617151395 -0.022272845205 0.999518193497 -0.395292385761
-0.093118824703 -0.995374047940 -0.023651409550 1.545435801859 0.995359551622 -0.093643578488 0.022141436320 55.697655646962 -0.024253813723 -0.021479871877 0.999475046024 -0.398025610847
-0.093100738517 -0.995367634418 -0.023990098799 1.468228239207 0.995252436868 -0.093722462079 0.026242846833 56.466761072451 -0.028369691498 -0.021432975870 0.999367694170 -0.405126941765
-0.093626852455 -0.995317631027 -0.024017199369 1.389191587438 0.995134603138 -0.094298474883 0.028546790931 57.235443850927 -0.030677909594 -0.021227599980 0.999303885143 -0.413701848897
-0.094358551329 -0.995251485683 -0.023894435286 1.316344742614 0.995065552982 -0.095026143390 0.028540801338 57.994767434190 -0.030675870968 -0.021083460793 0.999306999186 -0.424047377444
-0.094767457846 -0.995235528662 -0.022920982141 1.243773154188 0.995079332206 -0.095371189239 0.026859986594 58.730155459106 -0.028918014283 -0.020262742955 0.999376390404 -0.428685296472
-0.095006385211 -0.995223361959 -0.022455435428 1.167150016419 0.995149696237 -0.095529117596 0.023479134798 59.465383029392 -0.025512131401 -0.020115852020 0.999472102487 -0.433068681449
-0.094861834613 -0.995218389321 -0.023272083958 1.096344764899 0.995234510213 -0.095341598633 0.020451143027 60.186339169878 -0.022572151312 -0.021221148132 0.999519965212 -0.440376576797
-0.093551504927 -0.995325066812 -0.024002651966 1.024434410125 0.995408905165 -0.093994852564 0.018057663471 60.896728650500 -0.020229370834 -0.022203131921 0.999548794951 -0.445917624429
-0.091085625194 -0.995489312449 -0.026541244947 0.952917412714 0.995650092302 -0.091560282692 0.017251328403 61.594395243894 -0.019603636941 -0.024854444948 0.999498851418 -0.448303388119
-0.087071779716 -0.995842345700 -0.026768034810 0.888842343183 0.995989259752 -0.087577082542 0.018320727959 62.264354007175 -0.020588823100 -0.025065456786 0.999473773162 -0.449243038724
-0.081275497507 -0.996343051790 -0.026359375075 0.833661709922 0.996451192794 -0.081808395256 0.019809261574 62.925412920874 -0.021893238305 -0.024655823145 0.999456240414 -0.452779150250
-0.074060819756 -0.996932086640 -0.025326065712 0.781037726800 0.996984555242 -0.074606959579 0.021344746202 63.573024965154 -0.023168763131 -0.023668886959 0.999451345592 -0.452479441225
-0.065257046378 -0.997520036109 -0.026368455753 0.733065875939 0.997567318906 -0.065863745231 0.022834432637 64.198781282652 -0.024514529321 -0.024814202079 0.999391461454 -0.454985050598
-0.053237641646 -0.998184452657 -0.028170054788 0.692791008590 0.998241283912 -0.053935026613 0.024603902082 64.819198270955 -0.026078585187 -0.026810657938 0.999300303220 -0.456422692079
-0.038556862025 -0.998781103001 -0.030816824595 0.661767337297 0.998879702960 -0.039370727872 0.026254233953 65.413574981288 -0.027435513561 -0.029770019722 0.999180183211 -0.462013075446
-0.020058244204 -0.999282053529 -0.032141007042 0.646701145370 0.999397816282 -0.020950236618 0.027660303611 65.995394977438 -0.028313806696 -0.031566835126 0.999100527110 -0.467503778301
0.001924795483 -0.999475895292 -0.032314546141 0.646263466380 0.999590442060 0.001000342518 0.028599780718 66.559050975858 -0.028552465823 -0.032356360191 0.999068477458 -0.473045855957
0.027591492956 -0.999144560152 -0.030803529605 0.665023898087 0.999216068997 0.026692106067 0.029236602599 67.103315080295 -0.028389381364 -0.031586063277 0.999097774811 -0.476890557042
0.056595483444 -0.997994554219 -0.028351737209 0.705309004882 0.998010040752 0.055759975450 0.029441190471 67.610935560609 -0.027801255589 -0.029961556815 0.999164348494 -0.473937543342
0.090880871500 -0.995527225710 -0.025811045412 0.760635935829 0.995486204537 0.090104334075 0.029806468390 68.091815928539 -0.027347463726 -0.028403377456 0.999222379842 -0.475896550573
0.128251482433 -0.991447593585 -0.024150081333 0.840229060058 0.991377650748 0.127506664107 0.030206029293 68.551920663772 -0.026868398746 -0.027815818932 0.999251904860 -0.483033774436
0.168446542118 -0.985460867229 -0.022195531256 0.937452073126 0.985356049413 0.167739177321 0.030610852262 68.999899885805 -0.026442736863 -0.027026793208 0.999284911382 -0.478877194347
0.213678119276 -0.976710102172 -0.019468889496 1.045131132932 0.976540263020 0.213012230071 0.031542107424 69.452960162726 -0.026660383396 -0.025752012661 0.999312792774 -0.488029061606
0.260666174271 -0.965313040173 -0.014962622174 1.194615054945 0.965093155369 0.260135437890 0.030409791409 69.876362612027 -0.025462659925 -0.022367128233 0.999425517247 -0.498212234532
0.310577049025 -0.950527294394 -0.006305492111 1.354658707632 0.950268601866 0.310317975893 0.026312319268 70.301244867601 -0.023053870094 -0.014163913643 0.999633884292 -0.488014501342
0.360749704182 -0.932662534037 -0.000498533934 1.558870240589 0.932443262202 0.360653194104 0.021882329768 70.689038079509 -0.020229031276 -0.008358898598 0.999760428857 -0.482240247990
0.412950991924 -0.910739091136 0.005078006111 1.757134079389 0.910569652187 0.412973277025 0.017775853813 71.074311351581 -0.018286245770 -0.002716678206 0.999829101834 -0.480679845601
0.462933889799 -0.886372594138 0.005986487858 2.001619524396 0.886207486023 0.462964644377 0.017321367573 71.444460550835 -0.018124717732 -0.002713377712 0.999832051991 -0.491433729960
0.511238312272 -0.859396120549 0.008584640418 2.234069492486 0.859249297735 0.511309827476 0.015902976684 71.811477705504 -0.018056367478 -0.000753864709 0.999836686305 -0.507121233027
0.556256798050 -0.830845347745 0.016564502828 2.498161108435 0.830781536811 0.556460914723 0.012380972488 72.148943691451 -0.019504171787 0.006874483003 0.999786141515 -0.514569254959
0.599236791269 -0.800120679410 0.026873153326 2.804879696261 0.800292169540 0.599577067891 0.006307379138 72.466966187349 -0.021159190957 0.017726760542 0.999618952701 -0.497839265060
0.641923132340 -0.766284421569 0.027255777889 3.086710472281 0.766534671446 0.642200132810 0.001893908894 72.773821350123 -0.018954937062 0.019676754820 0.999626698163 -0.494454804700
0.682975241136 -0.730148781689 0.020677925253 3.399443777524 0.730345383130 0.683070951104 -0.003114016478 73.068229778337 -0.011850794732 0.017228823397 0.999781339248 -0.511270744252
0.723855261298 -0.689864887855 0.010954323167 3.701811900398 0.689948849807 0.723807722546 -0.008541980598 73.352227779398 -0.002036011216 0.013741080267 0.999903514031 -0.504058664804
0.762737254992 -0.646706357483 0.001663441794 4.066325557901 0.646681203223 0.762678910313 -0.011149043076 73.625538731307 0.005941485063 0.009579507052 0.999936463882 -0.511019146393
0.799953824193 -0.600058437689 -0.001936625413 4.437200060506 0.599997408297 0.799911324902 -0.012040860881 73.889416701680 0.008774348769 0.008470162480 0.999925630810 -0.514357008623
0.833993141298 -0.551762956140 -0.003616697274 4.845782814135 0.551680011797 0.833953441112 -0.013069913612 74.133527696974 0.010227651309 0.008904958715 0.999908044202 -0.511485821138
0.864337029723 -0.502858959832 -0.007373300927 5.302107681807 0.502759812421 0.864342713325 -0.012010201373 74.368731383773 0.012412496299 0.006673862390 0.999900689817 -0.513496718056
0.890609471020 -0.454722789505 -0.006477255119 5.764743456708 0.454660214901 0.890617667432 -0.009179294310 74.589971812036 0.009942792160 0.005230216245 0.999936890870 -0.493829676308
0.911961833082 -0.410193169490 -0.008196261707 6.264418032306 0.410174698087 0.911998644003 -0.003897484497 74.805906364316 0.009073701082 0.000192457935 0.999958814606 -0.492652413469
0.929628023296 -0.368319874678 -0.011498183339 6.766088138059 0.368358259737 0.929682949269 0.001343994854 75.002629137536 0.010194644982 -0.005484866084 0.999932990484 -0.489458632064
0.943320459748 -0.331685867561 -0.011445325780 7.306171569394 0.331768960243 0.943339694811 0.006291042247 75.186676461476 0.008710180323 -0.009731672698 0.999914710015 -0.484199045211
0.953604001028 -0.300925005682 -0.009140578738 7.872647580906 0.300994724602 0.953596027749 0.007536021713 75.359577758645 0.006448642199 -0.009937646437 0.999929826636 -0.475251652576
0.961052944252 -0.276281361537 -0.006771086476 8.438081495827 0.276325475141 0.961040185581 0.006781849854 75.515607941151 0.004633587492 -0.008388740457 0.999954078396 -0.462935784152
0.966994750689 -0.254760368940 -0.004278616234 9.036685112192 0.254785976714 0.966970373175 0.007239024270 75.671836609801 0.002293078642 -0.008090229885 0.999964644360 -0.454386344388
0.971629131469 -0.236502076982 -0.001896961646 9.648498627872 0.236509333063 0.971582606615 0.009517031927 75.822478022559 -0.000407742877 -0.009695674599 0.999952912711 -0.449536040324
0.975269999302 -0.221013501857 -0.001208494153 10.279383153913 0.221007904830 0.975167071225 0.014306963416 75.967507719578 -0.001983548381 -0.014220238962 0.999896919857 -0.443897646842
0.978317151550 -0.207112020714 -0.000402316709 10.925889253520 0.207085513855 0.978156947145 0.018016012394 76.113087013339 -0.003337803848 -0.017708687890 0.999837617535 -0.444873427413
0.981057464316 -0.193716904656 0.000112069331 11.581099680632 0.193686883023 0.980915285094 0.017046841728 76.239277217564 -0.003412191933 -0.016702224961 0.999854685756 -0.437392991287
0.983747143842 -0.179559336998 0.000038471571 12.249657235022 0.179532344119 0.983602928711 0.017129391283 76.359961264255 -0.003113582892 -0.016844082859 0.999853280474 -0.434314761603
0.986369985204 -0.164540184397 0.000883180421 12.937529996782 0.164498104006 0.986214070304 0.017949409826 76.478754622113 -0.003824404161 -0.017559477599 0.999838506300 -0.432141967541
0.988645691890 -0.150257347941 0.001557336759 13.635529249124 0.150203825781 0.988484087105 0.018385327319 76.588843109201 -0.004301933128 -0.017942656709 0.999829762730 -0.431740669275
0.990555389123 -0.137111311357 -0.000713706664 14.351747043228 0.137100782843 0.990382526110 0.018596432991 76.689967853598 -0.001842938706 -0.018518646660 0.999826816655 -0.425318133559
0.992021435627 -0.125938320170 -0.005745499936 15.083650029458 0.126027142677 0.991837867150 0.019359870782 76.784762074293 0.003260454797 -0.019929495747 0.999796071523 -0.419944244319
0.993161072099 -0.116156026001 -0.011783992962 15.821561325162 0.116362627514 0.993030804169 0.018696547520 76.868626064861 0.009530151348 -0.019939899564 0.999755758483 -0.411188842748
0.994089544497 -0.107846046263 -0.012458243312 16.583197825629 0.108086529657 0.993928360520 0.020584369334 76.950708208938 0.010162658503 -0.021809274620 0.999710496050 -0.404680212688
0.994839549556 -0.101283781585 -0.005988841915 17.356716455966 0.101388669028 0.994623640515 0.021074902653 77.035118389846 0.003822097911 -0.021573347373 0.999759962316 -0.390546631379
0.995335837665 -0.096455266689 0.001718076504 18.130267630735 0.096384837503 0.995044249102 0.024431648082 77.120453087618 -0.004066123276 -0.024152098385 0.999700026400 -0.385074810598
0.995712932874 -0.092281367956 0.006316995764 18.906305665717 0.092121840280 0.995502952877 0.022077983531 77.199459176509 -0.008325974458 -0.021401400459 0.999736294334 -0.375721191434
0.996030737664 -0.088847320316 0.005378038843 19.668271807824 0.088696258039 0.995775341810 0.023757997660 77.267466689695 -0.007466152895 -0.023186684014 0.999703273099 -0.361306378289
0.996304840293 -0.085763594779 0.004612051434 20.438919285945 0.085628595689 0.996034669038 0.024138800184 77.335319539837 -0.006663993401 -0.023654679975 0.999697978045 -0.354156313931
0.996531520368 -0.082950773277 0.006640642014 21.200190968614 0.082776468059 0.996297317526 0.023231690107 77.397547713999 -0.008543140484 -0.022601422571 0.999708052608 -0.353083235559
0.996704652381 -0.080549981956 0.009567461960 21.968454953112 0.080341674688 0.996557362406 0.020460663312 77.458815089868 -0.011182630717 -0.019624572397 0.999744879921 -0.345503188851
0.996926374217 -0.077481691169 0.011592753070 22.744263883405 0.077281392706 0.996867266083 0.016829740144 77.517027569474 -0.012860432787 -0.015882107719 0.999791162155 -0.343639713844
0.997160692296 -0.074826710729 0.008456778458 23.499135487394 0.074687484481 0.997082941167 0.015728575779 77.575667359181 -0.009609027128 -0.015052302003 0.999840534686 -0.336094417072
0.997324333551 -0.073099511763 0.000796923337 24.258843687231 0.073068740026 0.997123879867 0.020122808693 77.638499859348 -0.002265598780 -0.020010736585 0.999797198177 -0.332183508175
0.997420780245 -0.071442237820 -0.006913305372 25.024805563055 0.071573537205 0.997212135346 0.021099428693 77.698565618807 0.005386641610 -0.021539818349 0.999753479773 -0.324780201587
0.997485767046 -0.070018904556 -0.010931493316 25.767962109838 0.070255501093 0.997263550531 0.023012504167 77.754813597504 0.009290269505 -0.023722642912 0.999675410874 -0.307056523619
0.997640172557 -0.068001456410 -0.009480929580 26.532199143491 0.068210563027 0.997386474597 0.023823085096 77.813415974989 0.007836146447 -0.024413566271 0.999671232251 -0.294836363154
0.997820255973 -0.065752558523 -0.005598019094 27.289141737523 0.065878447736 0.997476238548 0.026479872642 77.873750655236 0.003842771654 -0.026790942106 0.999633672166 -0.276460461299
0.997975396960 -0.063592800837 -0.001030894867 28.049937937992 0.063596304134 0.997567959696 0.028525004623 77.937778711887 -0.000785597249 -0.028532813915 0.999592547675 -0.271407127332
0.998130571851 -0.061101395220 0.001407493552 28.808898521399 0.061042856891 0.997784076638 0.026470852464 77.985224598413 -0.003021780673 -0.026335449679 0.999648594723 -0.257840567096
0.998192763878 -0.060073224677 0.001553646675 29.556324294428 0.060019697557 0.997916032828 0.023690237010 78.026860615858 -0.002973557857 -0.023554173755 0.999718139704 -0.244208862502
0.998261597744 -0.058917064611 0.001600614441 30.312789919850 0.058868199639 0.998026898726 0.021836769230 78.069764294133 -0.002884014611 -0.021704582851 0.999760268036 -0.234324499349
0.998328078504 -0.057801762654 0.000062492215 31.063188508520 0.057786802663 0.998093152994 0.021696621492 78.116569986261 -0.001316476018 -0.021656735219 0.999764598648 -0.224848277714
0.998365851913 -0.057131035770 -0.001292473055 31.819660875825 0.057145489741 0.998161781256 0.020185426453 78.157336104161 0.000136882886 -0.020226299483 0.999795418109 -0.214355181941
0.998421872719 -0.056150141482 -0.000962126745 32.589410190243 0.056158307458 0.998245718645 0.018754458395 78.204605198207 -0.000092626588 -0.018778892882 0.999823656753 -0.202396274771
0.998458887841 -0.055494499283 -0.000458083513 33.356269678629 0.055492117445 0.998245586438 0.020648827041 78.256308684641 -0.000688616473 -0.020642424907 0.999786685299 -0.199084093063
0.998459579217 -0.055473748058 -0.001063929295 34.129091590739 0.055483848180 0.998237497578 0.021058039329 78.301973159844 -0.000106114251 -0.021084631979 0.999777688806 -0.187713964160
0.998379342495 -0.056894484353 -0.001306188580 34.914890016970 0.056909337901 0.998164507078 0.020710964947 78.352840731925 0.000125451409 -0.020751733893 0.999784651714 -0.179780452606
0.998255279423 -0.059039463079 -0.000859595074 35.695992159640 0.059045143731 0.998075395478 0.018951937693 78.395219886206 -0.000260971532 -0.018969626772 0.999820026382 -0.171360191345
0.998078078279 -0.061963123114 -0.000849136473 36.487981941748 0.061967531921 0.997869271613 0.020419151727 78.451663556975 -0.000417907218 -0.020432526608 0.999791146795 -0.160746210688
0.997885792797 -0.064972871991 -0.001571762751 37.280462955525 0.064991677593 0.997651254595 0.021634603035 78.511783503118 0.000162408787 -0.021691014499 0.999764709076 -0.153311813943
0.997691899541 -0.067615239709 -0.006249235962 38.078333275223 0.067748107643 0.997406473225 0.024300639483 78.570930614173 0.004589934838 -0.024667925077 0.999685163424 -0.142519373525
0.997492615968 -0.069997287484 -0.010433639513 38.882835826422 0.070249658144 0.997185656897 0.026186851858 78.631699758067 0.008571267074 -0.026854150973 0.999602615021 -0.134598507430
0.997346527632 -0.071888929091 -0.011484149674 39.701604012696 0.072163932911 0.997062655940 0.025659830802 78.698422173245 0.009605759018 -0.026420484556 0.999604765590 -0.120825219100
0.997195864741 -0.074124176176 -0.010296302750 40.518647600486 0.074359462878 0.996924555394 0.024740677715 78.768691374332 0.008430754687 -0.025436929050 0.999640878024 -0.105675282503
0.997014580942 -0.076687647319 -0.008996117946 41.346815050415 0.076877198580 0.996773878307 0.023059311871 78.830020603953 0.007198730999 -0.023682066507 0.999693622065 -0.084902374795
0.996881957595 -0.078546250725 -0.007539835481 42.176658636724 0.078698388152 0.996641911066 0.022615587765 78.900931742852 0.005738146416 -0.023138444303 0.999715802651 -0.069390979880
0.996821198980 -0.079569413901 -0.004025622334 43.016138991237 0.079637504617 0.996596076670 0.021310275081 78.972134800075 0.002316273326 -0.021563124474 0.999764805612 -0.059906115923
0.996719401980 -0.080934132216 0.000316161860 43.865708624192 0.080909243008 0.996495746782 0.021211342264 79.041011717528 -0.002031775528 -0.021116175959 0.999774964180 -0.051473890484
0.996761741583 -0.080357799040 0.002941878613 44.714499249011 0.080277660960 0.996545877146 0.021255867288 79.115217989084 -0.004639791715 -0.020950868163 0.999769740218 -0.040663577080
0.996919238276 -0.078378975479 0.002961175270 45.577170978224 0.078283140884 0.996628430930 0.024566654553 79.186218688392 -0.004876700678 -0.024259160443 0.999693808586 -0.034090748556
0.997053534560 -0.076683207479 0.001983661324 46.436358370399 0.076610799943 0.996753093650 0.024780145921 79.252606169728 -0.003877441632 -0.024555162197 0.999690956974 -0.025495649354
0.997188412959 -0.074934851316 -0.000192660740 47.304912625786 0.074919081716 0.996918814371 0.023238088286 79.316976533210 -0.001549275574 -0.023187186344 0.999729940601 -0.016100114496
0.997310398408 -0.073278939011 -0.001471844167 48.169378315927 0.073293610642 0.997142327851 0.018309141081 79.381740194875 0.000125963686 -0.018367773560 0.999831290282 -0.003391810307
0.997450989520 -0.071336359126 -0.001627074769 49.047518967619 0.071353874846 0.997300102012 0.017353128569 79.444753665901 0.000384772821 -0.017424993352 0.999848099241 0.007548290984
0.997538710933 -0.070113122909 0.000818649124 49.926874882254 0.070091818787 0.997418096101 0.015629411673 79.514005805544 -0.001912362312 -0.015533562566 0.999877518151 0.015157126113
0.997591090226 -0.069261071645 0.003862726496 50.788308529326 0.069214043116 0.997538857879 0.011209070339 79.572122228225 -0.004629572001 -0.010914713782 0.999929715573 0.024361968252
0.997658688114 -0.068257936236 0.004242189390 51.662076793744 0.068212248282 0.997619554568 0.010115014959 79.639880860222 -0.004922521136 -0.009801963279 0.999939843341 0.032693966683
0.997736884661 -0.067227850804 0.001234934313 52.516498479407 0.067208658030 0.997669020429 0.011811941480 79.704970219379 -0.002026147146 -0.011702211416 0.999929474001 0.044877885543
0.997778159311 -0.066463299349 -0.004623271705 53.379032789984 0.066531186906 0.997647394525 0.016531103016 79.774423218699 0.003513683322 -0.016801965292 0.999852663142 0.063792368351
0.997814020924 -0.065332583119 -0.009941490335 54.248660727724 0.065503811060 0.997689932066 0.018001394160 79.836441834125 0.008742447236 -0.018613248993 0.999788535931 0.077870888106
0.997794979520 -0.064406332274 -0.016031319576 55.100640706470 0.064772843812 0.997623248985 0.023501740116 79.908589141220 0.014479556238 -0.024488312457 0.999595250591 0.100662207110
0.997833695282 -0.063443468750 -0.017402380105 55.961304558900 0.063847160131 0.997677865390 0.023715333745 79.966725031982 0.015857386400 -0.024775051655 0.999567276431 0.120574070966
0.997931586055 -0.063328934595 -0.011045161685 56.813885435809 0.063557324835 0.997741724131 0.021723682673 80.021183823603 0.009644480984 -0.022380750034 0.999702998902 0.144929937917
0.997947853161 -0.064028459113 -0.000662415769 57.668233937364 0.064030790925 0.997816900964 0.016170651299 80.081076670299 -0.000374412236 -0.016179881754 0.999869027044 0.163686729655
0.997823040971 -0.065566490514 0.007086199969 58.527058811241 0.065509244033 0.997819654735 0.008029668176 80.135399451762 -0.007597226769 -0.007547976314 0.999942653455 0.150107879651
0.997703142350 -0.067624034705 0.003928062563 59.346612363842 0.067564406710 0.997620534355 0.013722987251 80.189952278222 -0.004846719639 -0.013426070286 0.999898119783 0.183657129194
0.997570916194 -0.069651609150 0.000959430760 60.187671318664 0.069636129534 0.997506830617 0.011442566851 80.246055920760 -0.001754031931 -0.011347960852 0.999934071405 0.210997324917
