1.000000000000 0.000000000000 0.000000000000 0.000000000000 0.000000000000 1.000000000000 0.000000000000 0.000000000000 0.000000000000 0.000000000000 1.000000000000 0.000000000000
0.999998668972 -0.000544841692 0.001537921467 0.796573199912 0.000541640467 0.999997687661 0.002081176992 0.028433345050 -0.001539051823 -0.002080341221 0.999996651744 0.014270137083
0.999997717530 -0.000053124305 0.002135910478 1.563272063580 0.000042820602 0.999988364543 0.004823789425 0.037395129741 -0.002136141886 -0.004823686954 0.999986084374 0.024173888502
0.999997972043 0.000459914884 0.001960711073 2.310892700787 -0.000472035560 0.999980756339 0.006185801078 0.041265942382 -0.001957828400 -0.006186714059 0.999978945517 0.043854315224
0.999998776399 0.000586690184 0.001450171008 3.052019155873 -0.000598638634 0.999965766840 0.008252683182 0.052602046793 -0.001445279596 -0.008253541213 0.999964894496 0.050604556720
0.999998702294 0.001011114699 0.001254216160 3.777617531763 -0.001021610773 0.999964227631 0.008396414148 0.059039487811 -0.001245681556 -0.008397684573 0.999963962936 0.067423085289
0.999996324058 0.001402164957 0.002320733683 4.458289783758 -0.001421682804 0.999963456012 0.008430033109 0.064903688014 -0.002308828577 -0.008433301468 0.999961773638 0.081184368681
0.999985979993 0.001861262749 0.004957370063 5.146853410426 -0.001907527231 0.999954523117 0.009344144554 0.065879440400 -0.004939752710 -0.009353469868 0.999944054157 0.091155479239
0.999954187676 0.003255928100 0.009001193362 5.807483838145 -0.003335225793 0.999955640044 0.008808757752 0.063326790465 -0.008972113387 -0.008838375215 0.999920689007 0.099183377988
0.999910686008 0.004324035096 0.012646055786 6.441832357076 -0.004428206105 0.999956401602 0.008221063595 0.063716731635 -0.012609956271 -0.008276328680 0.999886239222 0.112502470668
0.999872949332 0.005423661396 0.014988965678 7.047088564453 -0.005535025892 0.999957313451 0.007398294663 0.064097287093 -0.014948200006 -0.007480319018 0.999860288312 0.120264568500
0.999863735877 0.006865324937 0.015012561122 7.625276730834 -0.006979127598 0.999947208965 0.007541290444 0.065742751717 -0.014959995184 -0.007645037416 0.999858866014 0.127350099067
0.999889866717 0.007782774600 0.012636568215 8.186965385725 -0.007893067770 0.999930986624 0.008701808489 0.063479463835 -0.012567971909 -0.008800591420 0.999882290909 0.133393051611
0.999914244543 0.008815706910 0.009684362182 8.703255045197 -0.008898366423 0.999924062960 0.008525689862 0.061551552553 -0.009608466797 -0.008611133741 0.999916759406 0.133722677104
0.999914823541 0.010210001037 0.008130285475 9.206761597198 -0.010267368697 0.999922465583 0.007045847115 0.054434930911 -0.008057716992 -0.007128723613 0.999942125574 0.133895430570
0.999906718126 0.012265332921 0.006009713355 9.668116905346 -0.012285983580 0.999918705076 0.003411428770 0.040168666762 -0.005967382486 -0.003484945785 0.999976122464 0.147665846102
0.999886127774 0.014244271408 0.004983193374 10.104017403669 -0.014252013761 0.999897277072 0.001521646290 0.031396811097 -0.004961006743 -0.001592493557 0.999986426096 0.169931906132
0.999861258379 0.016389488987 0.002974666793 10.519009001834 -0.016405527303 0.999850568084 0.005449786702 0.038099489516 -0.002884903063 -0.005497831567 0.999980725405 0.164490125909
0.999812165478 0.019247685582 0.002271642916 10.901545599652 -0.019268496040 0.999768970727 0.009525241848 0.033833913011 -0.002087779240 -0.009567223821 0.999952053554 0.169398128221
0.999741277108 0.022536007305 0.003083378325 11.252259929527 -0.022566886934 0.999691487636 0.010376182419 0.029745270172 -0.002848589342 -0.010443080113 0.999941412092 0.165016696121
0.999661669096 0.025740266102 0.003739791578 11.573162467257 -0.025764070748 0.999647159230 0.006462948373 0.014758427543 -0.003572114016 -0.006557114012 0.999972121740 0.176585519833
0.999592568171 0.028328914574 0.003488589343 11.858710124093 -0.028333882978 0.999597558094 0.001383086445 -0.003171365247 -0.003448004050 -0.001481368213 0.999992958383 0.188242643165
0.999517305295 0.030701218781 0.004753060282 12.118262241086 -0.030692322699 0.999527009721 -0.001933433526 -0.015732790464 -0.004810170897 0.001786617808 0.999986835040 0.196321772433
0.999437747849 0.033000272169 0.005930447828 12.353722350482 -0.032983541848 0.999451696019 -0.002897118025 -0.025608039096 -0.006022801823 0.002699881940 0.999978218011 0.200107828149
0.999366979037 0.035226279647 0.004974980699 12.557412257388 -0.035217534764 0.999377986296 -0.001834598441 -0.034926564154 -0.005036512271 0.001658230546 0.999985941809 0.199508368011
0.999293481316 0.037408367602 0.003626600747 12.738357193244 -0.037405768665 0.999299853485 -0.000781854467 -0.032311952097 -0.003653309495 0.000645646283 0.999993118212 0.206423511912
0.999197097327 0.039959420127 0.002899213174 12.917737148413 -0.039963020078 0.999200445387 0.001194556291 -0.044097911636 -0.002849161318 -0.001309458493 0.999995083787 0.209470133977
0.999131459905 0.041600867949 0.002386129393 13.083220840564 -0.041610098617 0.999126081627 0.003958876921 -0.040837951550 -0.002219351395 -0.004054725557 0.999989316783 0.213867475372
0.999077913153 0.042916832888 0.001211984019 13.237714733659 -0.042922495425 0.999065317189 0.005113841758 -0.046564033050 -0.000991381306 -0.005161147730 0.999986189763 0.216086769310
0.998996475079 0.044785277435 -0.000567189839 13.390596096339 -0.044782181759 0.998986049223 0.004629217537 -0.055844630143 0.000773935529 -0.004599172004 0.999989124261 0.222669344490
0.998919617226 0.046425242720 -0.002072476794 13.534077234779 -0.046418324236 0.998916736013 0.003270120407 -0.065052189129 0.002222047889 -0.003170386525 0.999992505548 0.226948980842
0.998854485753 0.047750410702 -0.003100736852 13.666424768113 -0.047742903850 0.998856648943 0.002451529030 -0.074215609593 0.003214253139 -0.002300682587 0.999992187688 0.231287639585
0.998781382640 0.049153076674 -0.004441254915 13.799798441969 -0.049139405326 0.998787004214 0.003136727183 -0.080115846331 0.004590047483 -0.002914664088 0.999985217989 0.231725698397
0.998701227420 0.050535526498 -0.006482199620 13.929985061737 -0.050510638221 0.998715721683 0.003947491476 -0.085042787155 0.006673363232 -0.003614944543 0.999971198785 0.231794013956
0.998641709632 0.051376145027 -0.008673379158 14.051367494653 -0.051341146658 0.998672296322 0.004210845293 -0.090614641968 0.008878200479 -0.003759824511 0.999953519558 0.233887159019
0.998580475830 0.052125266653 -0.010953988685 14.174774119407 -0.052090131401 0.998636362655 0.003468918344 -0.100782716644 0.011119869711 -0.002893399421 0.999933986190 0.237517121907
0.998578043635 0.051715860908 -0.012936788687 14.305506537526 -0.051689599197 0.998660419075 0.002356418254 -0.110932191222 0.013041323010 -0.001684370108 0.999913539658 0.242564039707
0.998663142361 0.049704276251 -0.014192005239 14.428903038020 -0.049680138001 0.998763078648 0.002048564722 -0.113489227773 0.014276273272 -0.001340765304 0.999897189900 0.245505437741
0.998786707274 0.046838211828 -0.015208395230 14.556792895390 -0.046814699359 0.998901786660 0.001898560226 -0.116526371141 0.015280618333 -0.001184280267 0.999882543194 0.247733474292
0.998949241305 0.042802912290 -0.016380598173 14.683306370487 -0.042766335375 0.999081778461 0.002576917984 -0.121058794440 0.016475856749 -0.001873672109 0.999862508297 0.249266163287
0.999156594498 0.037114130904 -0.017568180304 14.810893829548 -0.037068781173 0.999308508336 0.002900108714 -0.125594863132 0.017663667069 -0.002246431716 0.999841461638 0.250569681280
0.999364166872 0.030575495398 -0.018341239156 14.929116423059 -0.030532922866 0.999530388466 0.002596758597 -0.123486795997 0.018412023079 -0.002035095852 0.999828413174 0.254053953116
0.999544080089 0.023302811272 -0.019199243371 15.058573201909 -0.023254885421 0.999725879918 0.002715755328 -0.122721855054 0.019257265207 -0.002268040956 0.999811989189 0.256502730571
0.999676243509 0.015368160471 -0.020278752621 15.194583209465 -0.015321493967 0.999879606076 0.002454623557 -0.116377416891 0.020314034231 -0.002143128070 0.999791351741 0.255204182262
0.999749427632 0.005446053754 -0.021712264916 15.340089882168 -0.005414176860 0.999984177865 0.001526665605 -0.111903616715 0.021720235685 -0.001408729023 0.999763095360 0.258015250313
0.999696507869 -0.007391831985 -0.023500063273 15.484066004599 0.007391298369 0.999972677978 -0.000109568120 -0.103818824137 0.023500231113 -0.000064161112 0.999723829375 0.260795923925
0.999402787915 -0.023397005471 -0.025429267461 15.631009686638 0.023381022536 0.999726197936 -0.000925713466 -0.086897018979 0.025443963798 0.000330598343 0.999676195281 0.268049743556
0.998728562817 -0.042765041221 -0.026690992181 15.819531722689 0.042765452940 0.999084985010 -0.000555663640 -0.075210890390 0.026690332501 -0.000586495221 0.999643577569 0.269172936391
0.997573029471 -0.064323788288 -0.026655227098 16.008497260334 0.064349182129 0.997927439102 0.000095112318 -0.043279231504 0.026593864532 -0.001810123547 0.999644681785 0.272554801788
0.995801185571 -0.087891137244 -0.025595835796 16.201265231382 0.087931631876 0.996126406496 0.000458690461 -0.008563551509 0.025456373106 -0.002707448116 0.999672267692 0.276475130772
0.993124468472 -0.114478592402 -0.024463074293 16.442517958108 0.114547645932 0.993416717940 0.001435732973 0.032577866592 0.024137666286 -0.004228049118 0.999699703244 0.286309877619
0.989241392538 -0.144478492159 -0.022965900647 16.659980090827 0.144565567233 0.989492846386 0.002168806477 0.084764642251 0.022411248511 -0.005465551594 0.999733896437 0.288434759014
0.983913242187 -0.177518060809 -0.020051681638 16.930143559230 0.177600732869 0.984099685329 0.002406038102 0.144556994647 0.019305738373 -0.005928526104 0.999796049724 0.297783993995
0.976661502347 -0.214122018779 -0.016854403214 17.198023295281 0.214201923502 0.976784588540 0.003066522237 0.224915149742 0.015806511376 -0.006605199802 0.999853251999 0.299845961300
0.967210771956 -0.253689314282 -0.012043854526 17.429613035513 0.253755246056 0.967258995812 0.004279032536 0.318242312348 0.010563981805 -0.007194917631 0.999918314388 0.317923088424
0.955456556834 -0.294985709893 -0.009284339562 17.734922159620 0.295061119166 0.955443370214 0.008179380816 0.434221069910 0.006457860225 -0.010554490654 0.999923446454 0.310599291948
0.941464209915 -0.337046456876 -0.006695323524 18.026033417367 0.337104516468 0.941395450050 0.011625472153 0.566267118063 0.002384622904 -0.013201989754 0.999910006471 0.317604846471
0.924998016487 -0.379960411201 -0.002958955068 18.283487678952 0.379963835977 0.924899423480 0.013730979446 0.702974301568 -0.002480492760 -0.013825424670 0.999901347528 0.315920180210
0.905868314624 -0.423549979812 0.002830399343 18.608389741370 0.423448148936 0.905763256710 0.016869734913 0.881262087662 -0.009708847608 -0.014083230971 0.999853689738 0.328248301267
0.884247507623 -0.466966869518 0.006948959254 18.909388282181 0.466749907793 0.884145622826 0.020761532038 1.081352582840 -0.015838839530 -0.015114906868 0.999760306650 0.329279581655
0.859791220747 -0.510581109360 0.008123268480 19.175386426680 0.510260576063 0.859651748545 0.025159804018 1.282280275470 -0.019829302599 -0.017487194957 0.999650437288 0.325709216179
0.832152279932 -0.554482421680 0.008475084231 19.490508141590 0.554075286939 0.831977395983 0.028533996870 1.523279282050 -0.022872678194 -0.019048795824 0.999556893813 0.329576666430
0.801919967141 -0.597399502747 0.006180648624 19.749282948165 0.596959105594 0.801654348082 0.031466370144 1.752121342585 -0.023752737721 -0.021543916038 0.999485701315 0.312698978657
0.768473911731 -0.639855254761 0.005753255020 20.059857892774 0.639345642789 0.768167542693 0.033996696886 2.046821327607 -0.026172428918 -0.022447256113 0.999405385546 0.314248144886
0.732004891050 -0.681278652918 0.005313808100 20.335330950035 0.680670077427 0.731641664737 0.037265535237 2.345475726373 -0.029276017051 -0.023661603890 0.999291270515 0.296234395681
0.693591775671 -0.720341563232 0.006203305820 20.587920451878 0.719670834402 0.693273407789 0.038024625764 2.644911809173 -0.031691305330 -0.021909229427 0.999257547799 0.280035643835
0.653077839610 -0.757261739139 0.006632785691 20.871081842821 0.756574727171 0.652816085614 0.037760304154 3.012680062227 -0.032924422785 -0.019642219836 0.999264812542 0.275394222682
0.610640382726 -0.791855823463 0.009092735190 21.140505613439 0.791164205858 0.610524147906 0.036324429701 3.389390294391 -0.034315045596 -0.014987317039 0.999298683064 0.261383952659
0.566305653909 -0.824106336591 0.012110009972 21.379004067149 0.823379975721 0.566337758341 0.036151888741 3.762463306812 -0.036651356492 -0.010501879277 0.999272929984 0.264902678805
0.519776620997 -0.854218736101 0.011942158908 21.632406568006 0.853471385634 0.519836744731 0.036828694407 4.219263895929 -0.037667733800 -0.008950403424 0.999250234981 0.237729352147
0.470650887771 -0.882259652829 0.010278464404 21.840698190668 0.881561051333 0.470697317262 0.035974272685 4.631596991504 -0.036576694950 -0.007870229490 0.999299857337 0.213474218888
0.418724719560 -0.908034389761 0.011964791747 22.034602837873 0.907374566374 0.418879119370 0.034809189211 5.140674416679 -0.036619742314 -0.003718920267 0.999322352449 0.198009394936
0.365292796554 -0.930780718585 0.014436990532 22.220356859935 0.930196880441 0.365575375838 0.032991032101 5.646249093727 -0.035985224805 0.001377857178 0.999351372194 0.183656132214
0.311764072472 -0.950053248123 0.014212278041 22.356397648141 0.949491282376 0.312070844521 0.032834321855 6.131109462886 -0.035629591739 0.003257872205 0.999359754273 0.191019206970
0.258348023121 -0.965952790034 0.013838582836 22.494087444928 0.965249758907 0.258690659062 0.037041137185 6.720100240329 -0.039359901924 0.003788184180 0.999217918065 0.138439524541
0.206802039273 -0.978265726913 0.015135524453 22.606765917435 0.977418056469 0.207260226424 0.041196376441 7.299420028181 -0.043437995370 0.006274240236 0.999036422994 0.104633111513
0.158753086884 -0.987146388320 0.018424587703 22.687405103725 0.986264579540 0.159417979253 0.043221372440 7.853586077600 -0.045603032243 0.011309991950 0.998895613932 0.111707531706
0.113673968900 -0.993340475248 0.018786405407 22.751566839942 0.992461796579 0.114404524878 0.043945272984 8.508237805009 -0.045801868136 0.013649356067 0.998857289083 0.089009801458
0.073891520579 -0.997128171351 0.016596779352 22.788490037972 0.996335203755 0.074531285322 0.041967240408 9.112405574666 -0.043083696982 0.013434932329 0.998981129776 0.066200104598
0.038168449333 -0.999202582835 0.011720406583 22.776282342089 0.998522130291 0.038591304686 0.038265735602 9.797140576691 -0.038687527629 0.010242541559 0.999198861863 0.040642842195
0.009905182954 -0.999914467921 0.008540737230 22.769683584716 0.999235258741 0.010220823809 0.037741654035 10.444311191946 -0.037825719283 0.008160367788 0.999251031202 0.002476093502
-0.011740029685 -0.999912015329 0.006175216866 22.753611162655 0.999084433426 -0.011475784653 0.041214090453 11.172187595768 -0.041139598785 0.006653417689 0.999131255364 -0.025023216181
-0.024961716739 -0.999666117229 0.006675834163 22.726609755812 0.998592206183 -0.024621145460 0.046983028291 11.904655249551 -0.046802974783 0.007839213009 0.998873379509 -0.058465038131
-0.032958607218 -0.999435056180 0.006580173854 22.707947023507 0.998239855809 -0.032592981802 0.049546824435 12.648527762006 -0.049304365776 0.008201586125 0.998750125657 -0.078608860226
-0.037402483258 -0.999276365736 0.006913691321 22.666187182902 0.998200528102 -0.037035930797 0.047159787188 13.423392314543 -0.046869605757 0.008665143478 0.998863431779 -0.111629844843
-0.036952738639 -0.999212407117 0.014458927025 22.639914277997 0.998421421183 -0.036303329896 0.042857134319 14.196505223966 -0.042298473148 0.016019790953 0.998976579038 -0.170785444076
-0.033499422943 -0.999112492731 0.025534594792 22.639069140324 0.998582211855 -0.032402272714 0.042233385961 15.019646798235 -0.041368524620 0.026913186204 0.998781420321 -0.148695353173
-0.028086302599 -0.999224280957 0.027604274164 22.619843043928 0.998765595336 -0.026920193421 0.041744326065 15.849787140094 -0.040968831797 0.028742643093 0.998746922543 -0.197164246834
-0.023059181418 -0.999372770365 0.026876383795 22.590288365577 0.998974568057 -0.021985602945 0.039578348109 16.705933045241 -0.038962629894 0.027761468202 0.998854951610 -0.266430194035
-0.019353390192 -0.999357853319 0.030155054252 22.580546775877 0.999239856931 -0.018312668607 0.034414451733 17.562922334960 -0.033840133091 0.030798168410 0.998952610595 -0.255710542512
-0.017238156417 -0.999469044775 0.027649131987 22.562592902138 0.999570296199 -0.016571019084 0.024179005023 18.437238466801 -0.023707992760 0.028054052521 0.999325222946 -0.267854116841
-0.016198372656 -0.999645387216 0.021135575237 22.529055394092 0.999752166322 -0.015870007616 0.015612456363 19.349018574459 -0.015271498247 0.021383233516 0.999654709720 -0.312850238984
-0.017040726522 -0.999748157961 0.014602544051 22.503821515184 0.999773821723 -0.016851661578 0.012974085718 20.266737871685 -0.012724741168 0.014820329119 0.999809201201 -0.312551254780
-0.020691514990 -0.999771092822 0.005442716673 22.467200628877 0.999626536362 -0.020590711943 0.017966924663 21.222806094457 -0.017850742494 0.005812446908 0.999823767698 -0.332569265634
-0.024942751352 -0.999688778011 0.000454174372 22.420935082931 0.999354974592 -0.024922676328 0.025855269531 22.184412661456 -0.025835903561 0.001098782977 0.999665593468 -0.373719425377
-0.029303065028 -0.999568348192 -0.002108950391 22.372089546283 0.998924093511 -0.029359917570 0.035897780495 23.167359666872 -0.035944203763 -0.001054766362 0.999353241694 -0.372121321545
-0.031597354864 -0.999495474246 -0.003225542886 22.345705968839 0.998466431464 -0.031711266628 0.045378197506 24.183279146489 -0.045457589087 -0.001786765286 0.998964671580 -0.422963155562
-0.032441125230 -0.999472597763 -0.001449039148 22.321550974359 0.998083229217 -0.032472407566 0.052682163049 25.197369950945 -0.052701432148 0.000262806977 0.998610279329 -0.454569643213
-0.034386259088 -0.999408572204 -0.000301646348 22.271789901149 0.997899910206 -0.034350926204 0.054916145900 26.236295780269 -0.054894028797 0.001587347957 0.998490924310 -0.478993547556
-0.035565544578 -0.999366254028 -0.001477277240 22.225796094680 0.998024754297 -0.035594323171 0.051765181043 27.235627947663 -0.051784957751 0.000366697600 0.998658191617 -0.540822174064
-0.038550083509 -0.999243086584 -0.005210084076 22.186749718282 0.998128370261 -0.038753736062 0.047306494491 28.279718515003 -0.047472597794 -0.003376663414 0.998866833268 -0.575644170116
-0.042742568708 -0.999067445574 -0.006108356109 22.141208494876 0.998188574890 -0.042962470841 0.042116446412 29.297328944616 -0.042339600605 -0.004297126175 0.999094036078 -0.596612403351
-0.048208712133 -0.998823580756 -0.005232074171 22.087842547321 0.998108800972 -0.048372912906 0.037932607595 30.318593349141 -0.038141073613 -0.003393497117 0.999266602404 -0.630853933197
-0.055230486416 -0.998444521908 -0.007624305981 22.029625576179 0.997833180392 -0.055466904451 0.035388792276 31.371966233638 -0.035756642436 -0.005653245274 0.999344536854 -0.663115259081
-0.061240964884 -0.998101434549 -0.006562817262 21.950739471731 0.997391904019 -0.061446401177 0.037864621750 32.412512388467 -0.038195994790 -0.004226834834 0.999261327106 -0.691489810397
-0.067939819378 -0.997649062326 -0.008973816556 21.873516428817 0.996771225921 -0.068260351072 0.042280582393 33.489176800947 -0.042793739247 -0.006072306999 0.999065474816 -0.716238027913
-0.074111202493 -0.997186826980 -0.011223268760 21.786380804209 0.996184020985 -0.074547511764 0.045387936986 34.560895345386 -0.046096919627 -0.007816686413 0.998906388714 -0.759874836382
-0.077844144867 -0.996850085516 -0.015172215291 21.691226597653 0.995785038924 -0.078483335266 0.047460745251 35.591876407950 -0.048502014022 -0.011413723865 0.998757869327 -0.794382683006
-0.081131609001 -0.996512250918 -0.019519113472 21.586611754940 0.995423884479 -0.082003911433 0.049057606128 36.694613544540 -0.050487149160 -0.015449669235 0.998605205019 -0.831698624781
-0.082222218676 -0.996336302185 -0.023526149390 21.493376536206 0.995273188455 -0.083312815364 0.049902456238 37.745589287342 -0.051679658458 -0.019311855046 0.998476972772 -0.885103578329
-0.084292092295 -0.996134871540 -0.024701434728 21.386916100766 0.995095797872 -0.085440140252 0.049843108758 38.848567318509 -0.051760952788 -0.020378913975 0.998451552972 -0.921945787240
-0.085632721208 -0.996002783477 -0.025406541779 21.288981589052 0.995009271603 -0.086802635218 0.049212314956 39.927464548580 -0.051220957455 -0.021065560183 0.998465149963 -0.958246473802
-0.086127121965 -0.995923955999 -0.026787921325 21.194337767700 0.994991972610 -0.087353306775 0.048583682835 40.986109308254 -0.050725667116 -0.022469393904 0.998459830456 -0.995490152144
-0.087540248243 -0.995758537846 -0.028313234452 21.087153927624 0.994903140810 -0.088822252645 0.047732042080 42.093477244763 -0.050044433694 -0.023990451070 0.998458818837 -1.041646376638
-0.088039134087 -0.995589320452 -0.032419374938 20.973780628724 0.994948320694 -0.089465334783 0.045538917641 43.182605290844 -0.048238470301 -0.028246395776 0.998436373090 -1.076847495165
-0.087639263968 -0.995418727323 -0.038221940111 20.871130542485 0.995183470489 -0.089181369106 0.040700656876 44.248288554525 -0.043922881018 -0.034470867397 0.998440053195 -1.114729516977
-0.087115736627 -0.995348700450 -0.041131653806 20.764209298655 0.995261111732 -0.088750014135 0.039733543333 45.368270949279 -0.043199165577 -0.037475318598 0.998363377027 -1.152767694375
-0.084866365473 -0.995559101509 -0.040740341367 20.658121158839 0.995290186016 -0.086624228499 0.043516533138 46.461648421178 -0.046852381271 -0.036855371932 0.998221686766 -1.195058633550
-0.083742437565 -0.995703374176 -0.039522079972 20.555103925630 0.995231881440 -0.085561457554 0.046826692667 47.593833353769 -0.050007062658 -0.035412252622 0.998120867455 -1.246910370322
-0.081401525421 -0.995945099924 -0.038303388831 20.461129311723 0.995418774250 -0.083172163778 0.047157767580 48.678003462074 -0.050152323273 -0.034289198143 0.998152791591 -1.274500857386
-0.079451412165 -0.996109300660 -0.038127867021 20.362851157743 0.995624842868 -0.081183622473 0.046264367557 49.798639553836 -0.049179725174 -0.034285282277 0.998201319400 -1.313350359901
-0.075407866238 -0.996297722401 -0.041285615510 20.266613612207 0.995909432495 -0.077316214275 0.046761151382 50.914759591266 -0.049780076114 -0.037590575264 0.998052550056 -1.359463507600
-0.068894109370 -0.996529239885 -0.046723396153 20.174898684230 0.996336293351 -0.071108512579 0.047513892597 52.027500219910 -0.050671414477 -0.043278788023 0.997777206726 -1.406655884537
-0.063686496185 -0.996740779555 -0.049516144604 20.082824999175 0.996684845562 -0.066043334069 0.047514173176 53.170231078876 -0.050629525291 -0.046325979728 0.997642498479 -1.448176970206
-0.057192934074 -0.997054045463 -0.051109673421 20.008475805032 0.997134276793 -0.059586877122 0.046611566372 54.281569856876 -0.049519716646 -0.048297355001 0.997604712881 -1.491935800626
-0.052271778570 -0.997370876464 -0.050189599985 19.939914616689 0.997445897514 -0.054593384430 0.046056963750 55.428438403874 -0.048675894429 -0.047653931192 0.997677182331 -1.531199921197
-0.046819391899 -0.997748875373 -0.048011730167 19.879377634184 0.997735448191 -0.049034179385 0.046039381793 56.562090065807 -0.048289957196 -0.045747469257 0.997785171813 -1.570692545589
-0.040725454915 -0.998063285839 -0.047022492303 19.829419238249 0.997981478733 -0.042927038492 0.046799973003 57.682614552482 -0.048727871169 -0.045021626211 0.997796897041 -1.612024497428
-0.035891802066 -0.998365036102 -0.044486326376 19.778158835561 0.998103053369 -0.038039388412 0.048407641798 58.849150575954 -0.050020729699 -0.042664500691 0.997836493110 -1.650796247258
-0.030301812620 -0.998469024549 -0.046275340813 19.738131899284 0.998249742644 -0.032582538594 0.049354123337 59.987901184825 -0.050786331463 -0.044698827660 0.997708756773 -1.704289321798
-0.024180109687 -0.998701837723 -0.044832595555 19.705462286902 0.998439227907 -0.026383468226 0.049224188984 61.129359226027 -0.050343127359 -0.043572375802 0.997781046921 -1.746545908475
-0.020148081766 -0.998790252744 -0.044856279658 19.667944782497 0.998736814059 -0.022172057065 0.045090754359 62.290174483888 -0.046030761935 -0.043891125631 0.997975319357 -1.782995377100
-0.015450984555 -0.998879774936 -0.044726527925 19.646382162526 0.999055171506 -0.017240026980 0.039894181994 63.429056516676 -0.040620578080 -0.044067864637 0.998202380253 -1.811291346500
-0.012198258947 -0.998909444206 -0.045068001454 19.618981035528 0.999149772996 -0.013951535311 0.038795435091 64.596305183408 -0.039381894318 -0.044556446659 0.998230328863 -1.850462509077
-0.008653673779 -0.999029423318 -0.043189411603 19.605306696103 0.999098852119 -0.010432886793 0.041141688919 65.755553526565 -0.041552347997 -0.042794464801 0.998219432870 -1.894500223358
-0.006129405046 -0.999070411118 -0.042670177192 19.595746507763 0.999114703858 -0.007894522741 0.041321726073 66.926542480609 -0.041620174540 -0.042379123853 0.998234326665 -1.923091175112
-0.005191265260 -0.998960400261 -0.045289838536 19.574875200089 0.999141418101 -0.007043165425 0.040826712529 68.085700489455 -0.041103252914 -0.045039011206 0.998139273884 -1.959290744324
-0.004018711927 -0.998926473502 -0.046149219834 19.563501684992 0.999107159093 -0.005951776296 0.041826558633 69.251027185983 -0.042056326547 -0.045939927033 0.998058509558 -1.995911859395
-0.003106321490 -0.998925463768 -0.046241416539 19.543986636757 0.999119231343 -0.005035331125 0.041658216481 70.428288504478 -0.041846294062 -0.046071284735 0.998061282886 -2.027650600726
-0.001927117346 -0.998879894640 -0.047278349201 19.533856105605 0.999199177666 -0.003812962863 0.039830448977 71.604031918145 -0.039966105267 -0.047163729694 0.998087317338 -2.059461564672
-0.000733834555 -0.998952604181 -0.045751022804 19.529197245777 0.999258333416 -0.002493934753 0.038426076934 72.778269157817 -0.038499929688 -0.045688892416 0.998213544550 -2.093699906421
-0.001032968385 -0.999106374487 -0.042253821543 19.520183423123 0.999265134739 -0.002650291336 0.038238285137 73.963436131775 -0.038316099367 -0.042183271738 0.998374903588 -2.120088328770
-0.000999719911 -0.999206344400 -0.039820621168 19.516047728452 0.999242955478 -0.002546839951 0.038820478272 75.138631926265 -0.038891084931 -0.039751665580 0.998452446838 -2.152128814314
-0.000417839086 -0.999221620490 -0.039445894029 19.512214616018 0.999129332029 -0.002062760062 0.041669208063 76.314504988593 -0.041718141020 -0.039394138729 0.998352492131 -2.176167642789
-0.000427539088 -0.999147821199 -0.041272855523 19.499409530298 0.998980937320 -0.002289469408 0.045075993614 77.507474631874 -0.045132073748 -0.041211524147 0.998130605781 -2.216934270425
0.000669979035 -0.999055833649 -0.043439525556 19.497495918561 0.998962290675 -0.001309585343 0.045526111139 78.683328381944 -0.045540014683 -0.043424949495 0.998018226699 -2.254714771586
0.000785015071 -0.998993442751 -0.044849582966 19.483192644106 0.999055152223 -0.001165377767 0.043444731695 79.867633960245 -0.043453268792 -0.044841311706 0.998048631178 -2.287877415609
0.000869010521 -0.998987970791 -0.044969756896 19.475400596223 0.999154222045 -0.000981339783 0.041108120144 81.041664051148 -0.041110648137 -0.044967445856 0.998142195994 -2.320380805933
0.001087150473 -0.999077443888 -0.042931098492 19.472179227254 0.999180196094 -0.000652129667 0.040478518494 82.214322913987 -0.040469171432 -0.042939909650 0.998257687335 -2.350737383226
0.000956419191 -0.999156689383 -0.041048694540 19.473109798693 0.999123079376 -0.000763474364 0.041862744353 83.388601266670 -0.041858780683 -0.041052736426 0.998279778074 -2.382596452664
0.001391006153 -0.999179251025 -0.040483199269 19.466458989051 0.999008597773 -0.000412851324 0.044515740236 84.561223663440 -0.044495917530 -0.040504985803 0.998188088212 -2.417600665649
0.002105927198 -0.999177234615 -0.040502085115 19.463362594777 0.998892913345 0.000198477827 0.047041559018 85.746494998603 -0.046994816086 -0.040556311896 0.998071476812 -2.451876517565
0.002337468704 -0.999118875464 -0.041904760239 19.456633631563 0.998880672807 0.000353074089 0.047299860789 86.907070002467 -0.047243388236 -0.041968417045 0.998001359838 -2.492186348445
0.002830519369 -0.999132055696 -0.041558674665 19.451230766238 0.998970083728 0.000943159749 0.045363887255 88.069308709450 -0.045285317459 -0.041644276071 0.998105702966 -2.521866821216
0.002974704519 -0.999183986622 -0.040280417218 19.451205183657 0.999035177905 0.001204482918 0.043900598282 89.220201250659 -0.043816257732 -0.040372145089 0.998223534815 -2.557156162014
0.002745134144 -0.999254911199 -0.038497878954 19.445769405214 0.998997802490 0.001020454936 0.044747617728 90.417992737865 -0.044674991429 -0.038582134688 0.998256261700 -2.593162219378
0.003161336840 -0.999341680586 -0.036141546619 19.450252189263 0.998866104164 0.001438864685 0.047586086414 91.566326436539 -0.047502756775 -0.036251001518 0.998213079952 -2.629988519897
0.003262267453 -0.999404740319 -0.034344179112 19.445510854834 0.998743684111 0.001538895811 0.050086777172 92.734516600882 -0.050004110419 -0.034464428437 0.998154192554 -2.667476693248
0.003703071517 -0.999377487172 -0.035084546376 19.446565936919 0.998654438347 0.001881022140 0.051824458749 93.889432185415 -0.051726202550 -0.035229247632 0.998039728709 -2.707023394955
0.004267443541 -0.999294214551 -0.037321062303 19.443486971827 0.998569736055 0.002269377756 0.053416590673 95.055816616264 -0.053294194432 -0.037495635618 0.997874644507 -2.756995068133
0.004610559056 -0.999207589143 -0.039533992267 19.438304643368 0.998606882722 0.002522453013 0.052706081347 96.204676169169 -0.052564593838 -0.039721921280 0.997827205705 -2.803287148276
0.005052103965 -0.999091802624 -0.042308937305 19.424858279666 0.998768364316 0.002953081865 0.049528110686 97.361407120600 -0.049358187630 -0.042507049272 0.997876204785 -2.835020725277
0.005304996281 -0.999017932998 -0.043988936822 19.420723728301 0.998865153910 0.003211804452 0.047519349924 98.514380404515 -0.047331398876 -0.044191106124 0.997901240013 -2.875237181937
0.005297206704 -0.999002406551 -0.044341079222 19.422389813311 0.998924958863 0.003244290615 0.046242849598 99.665240449718 -0.046052862687 -0.044538368671 0.997945623546 -2.908803685466
0.005726639948 -0.999079409733 -0.042515157793 19.416827513939 0.998918330916 0.003753434703 0.046347382746 100.812609605015 -0.046145137928 -0.042734585235 0.998020230993 -2.944928480668
0.005270274401 -0.999089181533 -0.042344203279 19.425787586705 0.998822649503 0.003217363977 0.048404167266 101.980804855938 -0.048223843143 -0.042549452554 0.997929859780 -2.989608982106
0.005446106168 -0.999199968083 -0.039620243695 19.428795681308 0.998729625815 0.003450175950 0.050271570539 103.131812801366 -0.050094654866 -0.039843695470 0.997949400263 -3.035190373744
0.005210621660 -0.998993530915 -0.044550809329 19.418495453787 0.998756690785 0.002990271783 0.049760736397 104.305212116851 -0.049577434727 -0.044754703268 0.997767054227 -3.070565806537
0.005078961421 -0.998799794398 -0.048715242599 19.411314606519 0.998727819667 0.002622476019 0.050357371276 105.471511102826 -0.050169177522 -0.048909031171 0.997542460398 -3.124093961790
0.005390423135 -0.998633062298 -0.051989905015 19.405143006647 0.998753877606 0.002796955719 0.049828395577 106.623871972207 -0.049614869802 -0.052193715366 0.997403720051 -3.172563060176
0.005075231996 -0.998592820959 -0.052788445216 19.393635707612 0.998925358195 0.002630790414 0.046273185508 107.824001324193 -0.046069195516 -0.052966563698 0.997533043239 -3.209760357814
0.004367515862 -0.998523991392 -0.054136525738 19.389134457684 0.999109933487 0.002085901459 0.042130628088 109.009745953427 -0.041955519460 -0.054272346815 0.997644348833 -3.251360290754
0.003414090264 -0.998726197099 -0.050342101831 19.388442196270 0.999165883302 0.001358365834 0.040812896084 110.173055024381 -0.040692525507 -0.050439449554 0.997897780485 -3.293776237141
0.002556371421 -0.998969388610 -0.045316945902 19.391095196163 0.999187637760 0.000729086414 0.040293088509 111.384630456186 -0.040218522023 -0.045383136226 0.998159727415 -3.323686704311
0.002377512562 -0.998991867655 -0.044828515413 19.386434359575 0.999113236029 0.000488566854 0.042101103238 112.574848730752 -0.042036758028 -0.044888859003 0.998107159233 -3.360051620800
0.001418159799 -0.999041345094 -0.043753624024 19.388721996737 0.998954820326 -0.000583631410 0.045704773506 113.804112038953 -0.045686494390 -0.043772710298 0.997996339704 -3.406120446448
0.000814603262 -0.999121897866 -0.041889970484 19.385667478969 0.998940646456 -0.001114333057 0.046003729414 115.021728285252 -0.046010012820 -0.041883068983 0.998062566803 -3.451041333805
0.000642017708 -0.999111405897 -0.042142453894 19.368334051652 0.999124942127 -0.001121524787 0.041810192548 116.237442535725 -0.041820304064 -0.042132419692 0.998236405557 -3.485935225461
-0.000431175407 -0.999071348896 -0.043084265140 19.363795390147 0.999269900959 -0.002076414646 0.038149096191 117.476499948091 -0.038203129790 -0.043036360407 0.998342823161 -3.527205634973
-0.001208906206 -0.999122551806 -0.041864842267 19.355431452942 0.999324016325 -0.002745273390 0.036660249188 118.702507198299 -0.036743012156 -0.041792223514 0.998450480050 -3.560235308508
-0.001864179347 -0.999053072043 -0.043468196149 19.341921278265 0.999280845371 -0.003507330823 0.037755671171 119.964625319670 -0.037872376615 -0.043366552452 0.998341136695 -3.591963789874
-0.001886877695 -0.998830328711 -0.048315775268 19.329730256905 0.999099408084 -0.003931036273 0.042248310254 121.220045285367 -0.042388824683 -0.048192545077 0.997938207576 -3.634451920053
-0.001630920324 -0.998551570121 -0.053778266129 19.312563000938 0.998943935452 -0.004096175793 0.045762814236 122.467645425480 -0.045916815240 -0.053646837305 0.997503715745 -3.673782926614
-0.001421559056 -0.998137208710 -0.060992554941 19.283421926346 0.998940600873 -0.004222845189 0.045824049418 123.746912110033 -0.045996250895 -0.060862797889 0.997085786047 -3.718302811272
-0.001125923820 -0.997882633716 -0.065030620654 19.266971685360 0.999029478567 -0.003985894731 0.043865859138 125.004138304192 -0.044032184255 -0.064918117427 0.996918655046 -3.760232515993
-0.001278649402 -0.997760883149 -0.066869911866 19.249081109854 0.999085051546 -0.004133206895 0.042567315837 126.246617480722 -0.042748389824 -0.066754300670 0.996853268295 -3.799805615066
-0.002212963285 -0.997739600061 -0.067162439376 19.239754065457 0.999107869928 -0.005038461616 0.041929442560 127.524576007807 -0.042173060623 -0.067009733427 0.996860636490 -3.837771853022
-0.002494865344 -0.997881970658 -0.065002679036 19.226353685934 0.999134694418 -0.005186157216 0.041267010842 128.757447993150 -0.041516720216 -0.064843476220 0.997031436583 -3.867027427820
-0.003032373560 -0.997866346502 -0.065219316377 19.217818474273 0.999109461395 -0.005767971585 0.041797304389 130.033805647214 -0.042084306588 -0.065034491017 0.996995198643 -3.898865756118
-0.003310639759 -0.997868511734 -0.065172639620 19.203539362657 0.998894954394 -0.006355417445 0.046566927693 131.291173815680 -0.046881870164 -0.064946454559 0.996786862017 -3.942760638730
-0.003753048846 -0.997987987007 -0.063292119686 19.195220364351 0.998678742402 -0.006984443493 0.050911560806 132.524689016481 -0.051251186318 -0.063017420918 0.996695600754 -3.982538408810
-0.003733431151 -0.997926848235 -0.064250035515 19.173227824269 0.998734608518 -0.006943354183 0.049809352347 133.798914938680 -0.050152200753 -0.063982774279 0.996690002636 -4.027206070173
-0.002947398925 -0.997913504200 -0.064497681938 19.163287054603 0.998818268871 -0.006066714050 0.048220957587 135.052156994110 -0.048511633755 -0.064279336621 0.996752119774 -4.074329331618
-0.001747763546 -0.998004133592 -0.063124437859 19.153559620318 0.998847184313 -0.004770441708 0.047765523926 136.293250227378 -0.047971321773 -0.062968184176 0.996861956376 -4.115416806309
-0.001011271301 -0.997963172551 -0.063784665573 19.140251002732 0.998879234961 -0.004026421351 0.047159960714 137.556485017265 -0.047320727951 -0.063665486435 0.996848762122 -4.153535816306
0.000321591018 -0.997978281746 -0.063555060713 19.132783406203 0.998789269725 -0.002805873362 0.049113356188 138.789618235713 -0.049192390271 -0.063493907091 0.996769096883 -4.193188317413
0.001017732667 -0.997940195663 -0.064143044050 19.121563652315 0.998604831119 -0.002372241516 0.052751907415 140.051202786455 -0.052795411599 -0.064107241010 0.996545486249 -4.241205170045
0.002454064800 -0.997860333119 -0.065335542804 19.114190510652 0.998541480118 -0.001078579680 0.053979154762 141.300423740255 -0.053934126941 -0.065372717960 0.996402287080 -4.287655235537
0.003650115677 -0.997677189592 -0.068021335053 19.105369046257 0.998670725472 0.000139510097 0.051543793236 142.532060343606 -0.051414577114 -0.068119056833 0.996351511946 -4.334511030513
0.003551326501 -0.997731326470 -0.067227883059 19.098125365315 0.998826853149 0.000292416657 0.048423464573 143.782499187918 -0.048293948987 -0.067320982413 0.996561879573 -4.381806127022
0.003363785631 -0.997919155420 -0.064389783282 19.092053077574 0.998899609321 0.000341019876 0.046898339021 145.016464301699 -0.046778792671 -0.064476685324 0.996822201602 -4.418566952985
0.003373298824 -0.998029062732 -0.062662674671 19.089722593659 0.998927374364 0.000469194474 0.046302058309 146.242531256612 -0.046181398876 -0.062751651759 0.996960133907 -4.458229993849
0.002882455956 -0.998176222807 -0.060298587626 19.090226380628 0.998924499137 0.000083683327 0.046366345789 147.490760175464 -0.046276737918 -0.060367385392 0.997102924631 -4.503637098585
0.002988173476 -0.998327768630 -0.057729864037 19.087166204871 0.998963539573 0.000358034868 0.045516133560 148.709234247239 -0.045419350749 -0.057806039420 0.997294111275 -4.527447963475
0.002623735371 -0.998345323892 -0.057443278770 19.084954997920 0.998971585180 0.000016550653 0.045340618974 149.958569467759 -0.045264644212 -0.057503165037 0.997318654190 -4.571995840078
0.002537195846 -0.998481782697 -0.055024469651 19.080638401511 0.998862005764 -0.000090146741 0.047693661160 151.193565568681 -0.047626212095 -0.055082860281 0.997345287463 -4.615424120057
0.002485039873 -0.998648744088 -0.051908674694 19.085775803654 0.998787739414 -0.000073247451 0.049224447498 152.406963805292 -0.049161734851 -0.051968072568 0.997437939553 -4.656332033402
0.002018004804 -0.998730034914 -0.050341285420 19.079348169512 0.998850247143 -0.000398067551 0.047937723403 153.656868981792 -0.047896883400 -0.050380143940 0.997580938900 -4.694956453054
0.001741354441 -0.998668003792 -0.051567294748 19.068795074885 0.998845166913 -0.000738904046 0.048039427090 154.882244765406 -0.048013542038 -0.051591396800 0.997513422244 -4.739364124587
0.002236561682 -0.998635160609 -0.052180588219 19.061822648454 0.998597440117 -0.000529851217 0.052942155690 156.101307594185 -0.052897546099 -0.052225810216 0.997233329950 -4.773923198250
0.002723425119 -0.998425574331 -0.056026381972 19.048822993421 0.998261064967 -0.000584702247 0.058944925937 157.346649778882 -0.058884880284 -0.056089487826 0.996687784730 -4.835373776328
0.004629004337 -0.998089571986 -0.061609890530 19.045419850542 0.998223036446 0.000951834855 0.059580731108 158.560846260323 -0.059408263969 -0.061776211463 0.996320409241 -4.886554456402
0.005866478059 -0.997849201342 -0.065288251753 19.029384774910 0.998442719683 0.002222811311 0.055742215788 159.796496101389 -0.055477202040 -0.065513590130 0.996308310495 -4.945527391578
0.007289661635 -0.997645574140 -0.068192149345 19.025440880576 0.998693680079 0.003814407753 0.050954721699 161.028720782448 -0.050574639921 -0.068474511262 0.996370135594 -4.982170421534
