1.000000000000 0.000000000000 0.000000000000 0.000000000000 0.000000000000 1.000000000000 0.000000000000 0.000000000000 0.000000000000 0.000000000000 1.000000000000 0.000000000000
0.999965320991 0.008233066604 0.001254364541 0.255631906091 -0.008229635997 0.999962447563 -0.002715981489 0.005650465492 -0.001276678293 0.002705564338 0.999995524997 0.007369010142
0.999886881029 0.014999759736 0.001110114122 0.559156484958 -0.014993852457 0.999874318028 -0.005150974288 -0.003998336254 -0.001187237977 0.005133746728 0.999986117459 0.008283015540
0.999856603856 0.016934281413 0.000042873465 0.852657883071 -0.016933474075 0.999828066236 -0.007556151243 -0.008655041983 -0.000170824085 0.007554341723 0.999971450963 0.012036031642
0.999885803891 0.015063385595 -0.001213916245 1.135271515123 -0.015073772907 0.999845356991 -0.009057785246 -0.006312134607 0.001077287610 0.009075049180 0.999958240595 0.015750898489
0.999959074350 0.008481422537 -0.003148824751 1.478754648919 -0.008517875430 0.999894690673 -0.011749611122 -0.017463664292 0.003048839734 0.011775951559 0.999926013034 0.012867488044
0.999983533752 -0.003835697624 -0.004268448076 1.780430037202 0.003780140222 0.999909017289 -0.012948655691 -0.000895065816 0.004317726849 0.012932307143 0.999907052014 0.025071688278
0.999803786179 -0.019269015452 -0.004592840805 2.111357202649 0.019210965675 0.999738990446 -0.012364860672 0.016871740436 0.004829900721 0.012274201608 0.999913004233 0.028333596415
0.999262713155 -0.038021430584 -0.005329250809 2.481402643818 0.037975810082 0.999243225998 -0.008415054758 0.036808738041 0.005645170191 0.008206467832 0.999950391739 0.027939519722
0.998308877297 -0.057781353583 -0.006379709026 2.806173335288 0.057751316362 0.998319478426 -0.004796295873 0.080024996991 0.006646124255 0.004419748154 0.999968146922 0.032526888767
0.996987466201 -0.077268969681 -0.006745262291 3.159120487711 0.077240099138 0.997002630462 -0.004440938710 0.126377577301 0.007068191006 0.003906555504 0.999967389218 0.036406803421
0.995130082103 -0.098373823889 -0.006221773573 3.554692216788 0.098338802648 0.995136639771 -0.005705092415 0.171333191309 0.006752746603 0.005065467320 0.999964370092 0.040266375344
0.993020492570 -0.117819199091 -0.005379373675 3.947610456920 0.117781614407 0.993015971209 -0.006839022743 0.222834534421 0.006147572157 0.006157698417 0.999962144337 0.047575763892
0.990801999251 -0.135235421787 -0.004772732279 4.332414151810 0.135205621502 0.990798808289 -0.006096015718 0.289218894215 0.005553214712 0.005394644327 0.999970029360 0.051984850385
0.988468675988 -0.151360249193 -0.004444272017 4.756420152966 0.151337208392 0.988468875639 -0.005131398263 0.359268478629 0.005169714283 0.004399642726 0.999976958334 0.058076704799
0.986362547699 -0.164520458729 -0.004684352243 5.167942439353 0.164499022200 0.986366305451 -0.004645768623 0.437422773281 0.005384811200 0.003811840811 0.999978236602 0.062460795713
0.984203481720 -0.176954486444 -0.005533199585 5.612483471603 0.176920031572 0.984205703621 -0.006199628142 0.523288206788 0.006542858605 0.005122761757 0.999965473561 0.067833775571
0.982402185033 -0.186651856135 -0.006857947468 6.062112897950 0.186586763761 0.982395855289 -0.009152218293 0.611823674701 0.008445497700 0.007711557024 0.999934600590 0.079572045746
0.980850977955 -0.194561590647 -0.008783307398 6.507475956197 0.194488324489 0.980867574609 -0.008549427944 0.711857073484 0.010278651724 0.006677464020 0.999924877575 0.084574192318
0.979222399479 -0.202499179106 -0.010843192291 6.977406879522 0.202413767571 0.979263385332 -0.008478729067 0.816193982428 0.012335276867 0.006107750017 0.999905263680 0.083160280409
0.977609233120 -0.210015163852 -0.013184015748 7.445815835810 0.209906945238 0.977678725310 -0.009131506806 0.927366885444 0.014807486609 0.006159628894 0.999871390386 0.091940904946
0.975764777117 -0.218355480473 -0.014282292679 7.955361122734 0.218175860817 0.975821102960 -0.013132736783 1.042120874301 0.016804567645 0.009698410481 0.999811755952 0.099454126013
0.974000965944 -0.226097441551 -0.014214966199 8.479196395850 0.225816834285 0.973984999543 -0.018973086708 1.155955039178 0.018134930210 0.015269826114 0.999718938861 0.114891261603
0.972019653508 -0.234308387784 -0.016654507154 9.026528701978 0.233975129839 0.972041740200 -0.019760919176 1.274547057943 0.020819025230 0.015311261337 0.999666010958 0.141806178938
0.969788356579 -0.242994474896 -0.021545965140 9.525185698975 0.242681244102 0.969971424453 -0.016163214596 1.430644355372 0.024826542341 0.010446095695 0.999637195126 0.136769473824
0.967620051079 -0.251123618880 -0.025463008285 10.063622571636 0.250857208024 0.967933845574 -0.013218614690 1.582753123314 0.027966013886 0.006403017455 0.999588366997 0.147102458720
0.965197528455 -0.260141909593 -0.026831286531 10.622510961159 0.259793693717 0.965534917545 -0.015797458849 1.739466176599 0.030016125140 0.008277069202 0.999515143636 0.168449090527
0.962873401854 -0.268475122472 -0.028212065081 11.206053567916 0.268051498763 0.963237797914 -0.017925922035 1.899128557395 0.031987591557 0.009698107203 0.999441214231 0.198850503226
0.960556285734 -0.276355073008 -0.030975725345 11.770206080445 0.275910842834 0.961016833569 -0.017884417887 2.069614758364 0.034710643100 0.008632451530 0.999360121296 0.218520770107
0.957976148132 -0.284732876932 -0.034769072540 12.349065993348 0.284284021109 0.958583301400 -0.017339250794 2.256094052248 0.038266107105 0.006726296936 0.999244945935 0.235824479647
0.955643709808 -0.291830592653 -0.039749277925 12.930639315769 0.291307709179 0.956450600385 -0.018495069503 2.436984207170 0.043415647830 0.006095425739 0.999038501415 0.263255617497
0.953487128503 -0.297743114428 -0.047024818880 13.552364754125 0.297130619304 0.954633996699 -0.019680635616 2.632353469075 0.050751264534 0.004792719184 0.998699824267 0.300791520319
0.951737458414 -0.301837940708 -0.055584780298 14.174384754153 0.301182435380 0.953356454945 -0.020015255033 2.834232453031 0.059033472456 0.002308108454 0.998253335464 0.327444147710
0.949955137949 -0.305690952996 -0.064329442250 14.776565550334 0.305018349750 0.952130719855 -0.020270634546 3.037006975705 0.067446587749 -0.000365466879 0.997722819342 0.368483005286
0.947829039913 -0.310067897219 -0.074013581258 15.409795703732 0.309494980884 0.950703581740 -0.019379279529 3.258534106111 0.076373869252 -0.004538588006 0.997068921045 0.406645666574
0.946036844583 -0.313524541783 -0.081955173060 16.063308869228 0.313078524283 0.949545644485 -0.018571663180 3.476322482905 0.083642849811 -0.008088927006 0.996462966164 0.462433785298
0.943727008619 -0.318520553624 -0.089016796855 16.713691035441 0.318255015643 0.947842819372 -0.017542371098 3.712894540075 0.089961537456 -0.011774832675 0.995875632343 0.519470282995
0.941605878160 -0.322729617377 -0.096041471680 17.390841638567 0.322716397977 0.946358754268 -0.016100766943 3.947993325102 0.096085881852 -0.015833581001 0.995247105508 0.585743854455
0.939398027542 -0.327141606372 -0.102516902173 18.052388598108 0.327472989291 0.944755910645 -0.014060959648 4.192462651163 0.101453374195 -0.020362678649 0.994631878728 0.655397498649
0.937232305257 -0.331880905844 -0.107007804945 18.746249623131 0.332628271927 0.942990175723 -0.011311993831 4.451287616290 0.104661543549 -0.024991855187 0.994193828424 0.727067297191
0.935294527832 -0.336701618679 -0.108886023833 19.431035978542 0.337575549053 0.941235732222 -0.010864854803 4.711000525946 0.106145630570 -0.026595420036 0.993994863540 0.803146650424
0.933213163339 -0.342522731487 -0.108588075708 20.156149838512 0.343524006777 0.939091326673 -0.009936646110 4.982597694647 0.105377647245 -0.028029601906 0.994037168761 0.889911593086
0.931068864900 -0.348774241152 -0.107085468310 20.879820460222 0.349725657583 0.936794689384 -0.010376626176 5.261327716076 0.103936197943 -0.027789182267 0.994195668923 0.972822662969
0.928764244074 -0.355352963110 -0.105457339904 21.594947210298 0.356319839999 0.934308724028 -0.010167587180 5.532204969029 0.102142794917 -0.028133251060 0.994371846761 1.053589423159
0.926246408353 -0.362777675875 -0.102273891584 22.294276954940 0.363702811191 0.931460116839 -0.010115130724 5.823598925958 0.098933594620 -0.027828198377 0.994704848300 1.139575421648
0.922805753711 -0.372516606814 -0.098289971847 23.103141586612 0.373676526335 0.927532487080 -0.007024178101 6.143824800632 0.093783765034 -0.030246703287 0.995133027467 1.216406230923
0.920096892018 -0.380408471643 -0.093333295242 23.825528958057 0.381622874370 0.924303635603 -0.005174067006 6.466681173918 0.088236563037 -0.030857477434 0.995621476782 1.300750015000
0.916853459821 -0.388811016816 -0.090585464709 24.567468003358 0.390224230929 0.920717032258 -0.002279496812 6.797416763101 0.084289873706 -0.033258678761 0.995886076556 1.370075364629
0.913370226385 -0.397241430729 -0.089185622531 25.311849647847 0.398684302461 0.917086513398 -0.001775926269 7.132826716946 0.082496403104 -0.033934829530 0.996013439076 1.446079400563
0.909328552772 -0.406309411804 -0.089633950009 26.089862196221 0.407932506010 0.913012057489 -0.000231125919 7.485336942101 0.081930785755 -0.036354432453 0.995974749472 1.523449711951
0.905658597649 -0.414574414773 -0.088941324036 26.842267998295 0.416207350202 0.909269706855 -0.000204533437 7.834615839002 0.080956445963 -0.036832795335 0.996036846229 1.591195259364
0.901761112287 -0.423261558077 -0.087615922186 27.618558543340 0.424907817894 0.905236611386 0.000153943703 8.211224717795 0.079247982052 -0.037367510754 0.996154318608 1.660922923933
0.898189157240 -0.431172296300 -0.085712827043 28.411558422118 0.432804672246 0.901487577409 0.000513283460 8.587000043002 0.077047735196 -0.037557937654 0.996319751797 1.737662208335
0.894670187877 -0.439200893206 -0.081656783745 29.191055515505 0.440715208661 0.897646793952 0.000581517460 8.976192774456 0.073043547145 -0.036507652822 0.996660339085 1.807772752636
0.891100128643 -0.447335116006 -0.076366581173 29.984833583024 0.448751299281 0.893655328420 0.001557363284 9.384257404189 0.067548738894 -0.035657369146 0.997078592639 1.865490981848
0.887760195804 -0.454721675834 -0.071484489744 30.765160614731 0.455939719688 0.890010286416 0.000813685277 9.800369343558 0.063251930859 -0.033314975617 0.997441379552 1.931035142129
0.884148043001 -0.462013144003 -0.069470085833 31.588147362636 0.463160616956 0.886274239720 0.000463582774 10.230790798984 0.061355366171 -0.032585683617 0.997583927429 1.998385199378
0.881003577168 -0.468066199070 -0.068896518824 32.412448952092 0.469243680587 0.883068120568 0.001030856824 10.666764431904 0.060357810156 -0.033237444622 0.997623279113 2.062521272538
0.877915615421 -0.474129272763 -0.066825181693 33.224870000635 0.475230339009 0.879861175112 0.000661374177 11.112183591289 0.058483306034 -0.032337984468 0.997764480063 2.112853996976
0.874856311606 -0.480074966713 -0.064455103586 34.061708250500 0.480994763196 0.876722326893 -0.001413968222 11.586338838842 0.057188039143 -0.029765548263 0.997919606138 2.172581472638
0.872127669173 -0.485070925510 -0.064027540062 34.899345441942 0.485937444580 0.873990539687 -0.002310085118 12.057392316635 0.057080019420 -0.029098690051 0.997945458239 2.231178966156
0.870137910287 -0.488568638180 -0.064503510509 35.744867835611 0.489427904304 0.872039237039 -0.002809902759 12.535057642363 0.057622422455 -0.029124815054 0.997913524098 2.291246306614
0.868438965179 -0.491456280509 -0.065456001303 36.611077329585 0.492384613138 0.870374902015 -0.002218713128 13.034329139921 0.058061661222 -0.030302710946 0.997852989776 2.350259094356
0.868071016544 -0.492234353591 -0.064482954186 37.466362304730 0.493133786775 0.869950603135 -0.002239742499 13.531262358588 0.057199463087 -0.029854467833 0.997916295174 2.409131374628
0.867982275519 -0.492661973545 -0.062377473563 38.356105503224 0.493483339486 0.869751527603 -0.002544382386 14.048071434454 0.055506423367 -0.028573765149 0.998049386008 2.465753357477
0.867546518645 -0.493607895369 -0.060944922818 39.255260766769 0.494311959188 0.869275468147 -0.003980889596 14.567556232636 0.054942924849 -0.026672197291 0.998133191964 2.527879120492
0.867021806142 -0.494584470726 -0.060492883806 40.144868001378 0.495162273912 0.868779185994 -0.006086746060 15.074768673273 0.055565368430 -0.024676452338 0.998150070145 2.588861457849
0.865631942599 -0.496964886692 -0.060887119715 41.076513865961 0.497501044064 0.867434408430 -0.007089303646 15.604683788688 0.056338717654 -0.024154677942 0.998119482039 2.652683259064
0.864284160003 -0.499622726238 -0.058223897109 41.981473307844 0.500044272344 0.865961614328 -0.008136842509 16.135257761780 0.054485011371 -0.022081982170 0.998270389023 2.713058539925
0.862010692819 -0.503967946215 -0.054349559823 42.892992899455 0.504328659323 0.863475958523 -0.007865903470 16.673820658951 0.050893701480 -0.020629547741 0.998490987896 2.773080120105
0.859553730753 -0.508688331996 -0.049026164848 43.812706193513 0.508919001230 0.860771535093 -0.008591540039 17.225936131684 0.046570743348 -0.017565456555 0.998760542172 2.838472961684
0.855568181267 -0.515689601866 -0.045467809838 44.704212583927 0.515794143369 0.856650531030 -0.010308702718 17.778549184103 0.044266114243 -0.014632231991 0.998912613253 2.897300137423
0.849989499123 -0.524724413274 -0.046713397371 45.617947943864 0.524740732870 0.851164351664 -0.012899989271 18.331088667891 0.046529717888 -0.013547566952 0.998825034119 2.961484945119
0.843901331503 -0.534183216537 -0.049787888666 46.503567964367 0.534148378616 0.845255523076 -0.015119865454 18.878179734909 0.050160266239 -0.013834445417 0.998645360381 3.018551384278
0.837600651268 -0.544027874494 -0.049586497839 47.399583814259 0.543981029433 0.838952138688 -0.015618854243 19.459242752895 0.050097790487 -0.013891751654 0.998647700956 3.073224089867
0.831634392770 -0.553456672328 -0.045496687985 48.284757274122 0.553497742149 0.832751681069 -0.012840837742 20.049467278097 0.044994290729 -0.014503431777 0.998881957124 3.130635950959
0.826801799940 -0.560966910332 -0.041411461326 49.152299395351 0.561093197699 0.827696916958 -0.009604017654 20.662386133063 0.039663674976 -0.015295070174 0.999096018266 3.199060302662
0.822205322661 -0.567507309708 -0.043747694977 50.032211282109 0.567696313900 0.823186862969 -0.009180621918 21.274309913450 0.041222597836 -0.017287048973 0.999000428111 3.250294485424
0.818747173954 -0.572094336423 -0.048591515462 50.889937692426 0.572316131127 0.819964610525 -0.010596392711 21.893069099268 0.045905459307 -0.019133941548 0.998762524871 3.295214689235
0.815713546401 -0.575787747398 -0.055496668048 51.746072780250 0.576013379890 0.817329598899 -0.013450388527 22.503059935004 0.053103638347 -0.020995159209 0.998368272174 3.359737322847
0.812042316830 -0.580763475510 -0.057454862205 52.626038371365 0.581034081357 0.813765668914 -0.013595307981 23.128267343762 0.054650452688 -0.022343267689 0.998255531620 3.421135434975
0.809000438533 -0.585342140858 -0.053785393827 53.482514169000 0.585585251875 0.810510176598 -0.012773661092 23.755672406687 0.051070571179 -0.021162035966 0.998470813291 3.486191233091
0.805765453085 -0.590281949760 -0.048054702186 54.340042945352 0.590510989967 0.806957329098 -0.010799988079 24.396192984827 0.045153132147 -0.019674572473 0.998786316414 3.549169119616
0.802599173498 -0.594817012019 -0.045025425185 55.192869459968 0.595040648076 0.803636808710 -0.009721462023 25.037904730092 0.041966579999 -0.018989520798 0.998938538782 3.610637748138
0.799581506736 -0.598720329432 -0.046940187584 56.039664678227 0.599037133617 0.800675515066 -0.008557576805 25.672267346559 0.042707454075 -0.021276435266 0.998861044725 3.659637887065
0.795644595405 -0.603855988964 -0.048037718467 56.895944045087 0.604133978034 0.796818146993 -0.010147768645 26.331831964200 0.044405116686 -0.020947200675 0.998793972947 3.713421835619
0.791754000128 -0.608794612528 -0.049947202505 57.747789191368 0.609018415914 0.793059665185 -0.012366751210 26.987546008805 0.047139923206 -0.020627341410 0.998675292789 3.773237049417
0.787563635547 -0.614189602277 -0.050146310133 58.586637400479 0.614373689015 0.788900074342 -0.013477497936 27.642775244358 0.047838166889 -0.020194186274 0.998650942336 3.828091202782
0.782829574424 -0.620357250056 -0.048319144334 59.431169986315 0.620479598677 0.784093257090 -0.014241903376 28.321602357224 0.046721783275 -0.018832060126 0.998730408308 3.890376993242
0.777894618735 -0.626598059999 -0.047485085548 60.255310549586 0.626712021311 0.779119739977 -0.014299409889 28.995445882327 0.045956550000 -0.018636039942 0.998769589809 3.946230723121
0.772374792344 -0.633374114678 -0.047690785358 61.098073616090 0.633435623395 0.773635221613 -0.015743407968 29.695452016836 0.046866738383 -0.018049230894 0.998738070816 4.010587234570
0.767065973010 -0.639747770568 -0.048296822903 61.929815737738 0.639766920804 0.768378992543 -0.017088325380 30.396219562346 0.048042482190 -0.017790836738 0.998686840823 4.069751589738
0.761332733933 -0.646567795459 -0.048192884508 62.744463148017 0.646518852632 0.762668826091 -0.018698526703 31.098632548765 0.048845075843 -0.016921807942 0.998663011722 4.128118493144
0.755272967090 -0.653602526655 -0.048646503808 63.573853857590 0.653508343971 0.756654423778 -0.020023170030 31.815114202152 0.049895786831 -0.016667937104 0.998615336518 4.187569445830
0.749384140572 -0.660336861507 -0.048771294778 64.382052549361 0.660144529634 0.750809054217 -0.022247788661 32.536148215884 0.051308964645 -0.015523963465 0.998562164667 4.252397229591
0.742990989486 -0.667554313472 -0.048328336482 65.204730516176 0.667328106274 0.744407338461 -0.023041549915 33.281189203932 0.051357454368 -0.015131193293 0.998565700828 4.316635626704
0.736446957595 -0.674910115536 -0.046284064169 66.011997509234 0.674651518032 0.737766691332 -0.023358903612 34.022644519436 0.049912001219 -0.014023020654 0.998655169228 4.377967226010
0.729983909892 -0.682033439688 -0.044202697281 66.804569653499 0.681705154092 0.731217944661 -0.024462221693 34.778774271902 0.049005858658 -0.012276178325 0.998723045325 4.443762886953
0.723610562564 -0.688804563620 -0.044000305483 67.612417795518 0.688410797265 0.724855904736 -0.025970975708 35.556209462701 0.049782807829 -0.011497413035 0.998693887805 4.505840446361
0.716758445558 -0.695889799763 -0.044662258206 68.415276770007 0.695412224872 0.718064681012 -0.028016983807 36.335569622756 0.051567123444 -0.010977270584 0.998609198491 4.574333989021
0.710933048113 -0.701753045087 -0.046009399169 69.208845077837 0.701349528577 0.712301770304 -0.027111377455 37.126393795371 0.051798068164 -0.012994296205 0.998573036087 4.634618548956
0.705353567848 -0.707448446905 -0.044643468687 70.001832706144 0.707035300783 0.706656153503 -0.027169176706 37.942915011903 0.050768373726 -0.012400632586 0.998633464561 4.702001340076
0.700275644734 -0.712434980123 -0.045281568983 70.781420652257 0.712065418822 0.701606818336 -0.026659178203 38.740916282497 0.050762788636 -0.013574666179 0.998618479565 4.764849921585
0.695329416175 -0.717228082350 -0.045835367243 71.574228076356 0.716833179846 0.696702878696 -0.027482559710 39.572897756176 0.051644895903 -0.013746879852 0.998570892837 4.833299269789
0.689723697971 -0.722507626658 -0.047580982316 72.357158924430 0.722042909493 0.691220529179 -0.029465520401 40.400996880828 0.054178014989 -0.014032443215 0.998432688382 4.904921929133
0.684685970471 -0.727138499516 -0.049746601510 73.137492160344 0.726603234668 0.686335698332 -0.031480923831 41.228306741199 0.057033860205 -0.014591494687 0.998265609481 4.971359303623
0.679421907952 -0.731974164159 -0.050987194463 73.934893771580 0.731443972951 0.681153717605 -0.031926907575 42.082643617621 0.058099788545 -0.015602435628 0.998188849153 5.042527341019
0.674354573020 -0.736791107109 -0.048834151292 74.706721878998 0.736235929674 0.675967709221 -0.032004873809 42.936615431920 0.056591215787 -0.014370823764 0.998294001645 5.117214156619
0.669458075507 -0.741361308779 -0.047003138027 75.467599848194 0.740779100985 0.670975367004 -0.032223910647 43.795905680689 0.055427508359 -0.013246385124 0.998374841729 5.189864591941
0.664132573488 -0.746176775251 -0.046348084187 76.245033144439 0.745526841479 0.665633938791 -0.033484147967 44.675626487339 0.055835951385 -0.012315827452 0.998363995208 5.267985149191
0.659322189143 -0.750438876824 -0.046214100175 77.013410400023 0.749756769633 0.660829088482 -0.034200909422 45.545271573062 0.056205313747 -0.012099915988 0.998345909362 5.336882026339
0.654667701900 -0.754564226119 -0.045199875553 77.788301689448 0.753833491695 0.656131537398 -0.035021028407 46.439550005998 0.056082679034 -0.011146043827 0.998363911016 5.413846250890
0.650500815041 -0.758243695389 -0.043762861347 78.556177619549 0.757448408548 0.651899097632 -0.036048230115 47.345883954411 0.055862313037 -0.009698706610 0.998391374698 5.486398951707
0.646898736211 -0.761429684733 -0.041795457837 79.303741823264 0.760461669559 0.648214004537 -0.038944235186 48.243884467898 0.056745697816 -0.006590867122 0.998366909633 5.561299095395
0.642623178442 -0.765067902060 -0.041310480117 80.077586390921 0.763833761778 0.643939844920 -0.043582800429 49.157286615462 0.059945265850 -0.003547021691 0.998195363513 5.641113551811
0.637581477651 -0.769348721444 -0.039904939142 80.855724977378 0.767881109130 0.638828941862 -0.047499318739 50.068661769142 0.062035970188 -0.000357563099 0.998073850249 5.715409315291
0.631164388731 -0.774850818681 -0.035181290301 81.604475686870 0.773164791772 0.632122654336 -0.051353233968 50.982626208411 0.062029985990 0.005211397537 0.998060680607 5.798975652540
0.622994465661 -0.781615290382 -0.030910088926 82.356739360311 0.779736125310 0.623676713936 -0.055126503426 51.916978305355 0.062365620672 0.010241793574 0.998000819149 5.885419094630
0.614270870992 -0.788617197359 -0.027462940135 83.112517056772 0.786696476672 0.614744189622 -0.056552939077 52.873819684432 0.061481303195 0.013133824901 0.998021819401 5.968556225473
0.604623277377 -0.796136406282 -0.024444120887 83.837997372669 0.794345579964 0.604956777666 -0.055157925515 53.835688018054 0.058700869203 0.013932686315 0.998178384963 6.048137462120
0.595783031593 -0.802805272144 -0.023372511259 84.552619097578 0.801022547891 0.596071073311 -0.055336726790 54.823438089262 0.058356293882 0.014246774326 0.998194155656 6.132650838678
0.586346458851 -0.809642832377 -0.026006041101 85.276339724856 0.807770073813 0.586799698786 -0.056334903533 55.787715480476 0.060871487943 0.012024869457 0.998073175910 6.205184529362
0.576294775488 -0.816865176761 -0.024811584785 85.972571456858 0.814827840731 0.576659406505 -0.059325532947 56.807800297005 0.062768795714 0.013971824635 0.997930291354 6.294579418252
0.566109669583 -0.823907118584 -0.026398900571 86.698055226816 0.821794229320 0.566588739903 -0.060261467548 57.814339165305 0.064607171898 0.012420135332 0.997833479884 6.370813384133
0.556200341244 -0.830762157119 -0.021804098227 87.379494730168 0.828627050393 0.556390283149 -0.061701411452 58.842407440744 0.063390786062 0.016250880505 0.997856461183 6.462583763198
0.545564860105 -0.837847614046 -0.019244715048 88.050275868906 0.835768730660 0.545624274313 -0.061520566735 59.868954210912 0.062045243736 0.017479328317 0.997920267763 6.549538097554
0.535217223528 -0.844520861228 -0.018084208286 88.699612197926 0.842408615214 0.535214657916 -0.062393869621 60.914226202057 0.062371857859 0.018159980804 0.997887752427 6.638854175708
0.525287343919 -0.850712020828 -0.019033232427 89.362662827387 0.848504814037 0.525348107345 -0.063631333985 61.968926983090 0.064131013355 0.017274945078 0.997791956972 6.720246274831
0.514743675320 -0.857106780638 -0.020172141735 90.003013162043 0.854849817983 0.514897490436 -0.064127708817 63.041922642448 0.065350879210 0.015765180836 0.997737802060 6.810712712693
0.504723345948 -0.863013201336 -0.021507170324 90.641181294606 0.860678731731 0.504978633793 -0.065028456534 64.124049162413 0.066981077939 0.014310616086 0.997651613273 6.901083164097
0.494836846511 -0.868715434417 -0.021679237557 91.257679053270 0.866375551568 0.495129100503 -0.065119716528 65.216119199334 0.067304524224 0.013441273776 0.997641936357 6.994889956102
0.485823807310 -0.873804834836 -0.020984252883 91.867855009087 0.871598765239 0.486117171288 -0.063290506496 66.311712758250 0.065504356229 0.012458185930 0.997774510056 7.082670872518
0.478329442093 -0.877987979627 -0.018386202914 92.455822112950 0.875930403947 0.478497079315 -0.061534319927 67.414305659170 0.062824137624 0.013328642774 0.997935606647 7.180024531392
0.469855060255 -0.882563728655 -0.017818170949 93.050458207765 0.880500024087 0.470003604544 -0.061776365210 68.532964573612 0.062896183795 0.013337037848 0.997930956272 7.270322150505
0.462561069882 -0.886424781261 -0.016981277789 93.639305667181 0.884170956242 0.462628877859 -0.064932592039 69.658565358171 0.065413888183 0.015020936623 0.997745155185 7.361159011475
0.455571586326 -0.890067873108 -0.015287609159 94.230082710210 0.887596707033 0.455484953043 -0.068596962148 70.792372870978 0.068019228140 0.017681595315 0.997527315812 7.452113574625
0.449227422533 -0.893293191238 -0.014899574932 94.790546570491 0.890630678803 0.449080094234 -0.071442724875 71.918139904434 0.070510402208 0.018824012619 0.997333414526 7.549092014240
0.444261171691 -0.895784730786 -0.014203077788 95.364440378711 0.892866333110 0.444005480201 -0.075158796884 73.060485519518 0.073632347007 0.020708685183 0.997070422705 7.649634674906
0.439121896466 -0.898347934139 -0.011956139518 95.925647143076 0.895409657372 0.438697965958 -0.076063395588 74.199909197368 0.073576528377 0.022695459733 0.997031298696 7.752272811050
0.435294164487 -0.900249790593 -0.008324956484 96.473073472966 0.897567784938 0.434678559295 -0.073665606161 75.331867212801 0.069936126611 0.024593995734 0.997248250722 7.858157589777
0.431439088638 -0.902137241858 -0.002951211458 97.008695559744 0.899733447186 0.430523780027 -0.071617029020 76.457297163341 0.065878955742 0.028243082073 0.997427837743 7.963516595441
0.428130195074 -0.903716772290 -0.000729072661 97.541126764773 0.901404896767 0.427092353028 -0.071143053556 77.585114434811 0.064604552089 0.029801299730 0.997465856250 8.059133588226
0.425046693058 -0.905171331115 0.000412368293 98.081728759429 0.902905184812 0.423950260255 -0.070911240791 78.713175987098 0.064011998573 0.030512917869 0.997482544149 8.150603522642
0.422732851936 -0.906247241015 0.003588042303 98.600493998387 0.904124612890 0.421464837040 -0.070186006480 79.838163990864 0.062093641066 0.032913968044 0.997527468517 8.248314502525
0.420010671506 -0.907499011457 0.006048142271 99.113684463419 0.905508690385 0.418627527203 -0.069318144130 80.954879903877 0.060374228431 0.034591005651 0.997576270202 8.339495634162
0.418198521355 -0.908322019235 0.007817039650 99.638156563132 0.906355607093 0.416691504711 -0.069912111921 82.078918907354 0.060245416655 0.036322159548 0.997522526311 8.431973128399
0.415944133160 -0.909335704386 0.009952628724 100.147043677946 0.907433782800 0.414306950067 -0.070097653026 83.179461595873 0.059618855438 0.038188059056 0.997490483274 8.520128093925
0.413452232975 -0.910412306390 0.014376488504 100.650791563844 0.908718173124 0.411585563264 -0.069488171274 84.288860341349 0.057345731157 0.041794215948 0.997479178044 8.608279329043
0.411700385169 -0.911145364013 0.017802204626 101.143977559480 0.909617755076 0.409660140817 -0.069094925111 85.380809917477 0.055662667038 0.044639608689 0.997451238324 8.695359217437
0.409947104281 -0.911907827736 0.019169908873 101.630463739957 0.910401517176 0.407803645903 -0.069751443798 86.463530011798 0.055789328865 0.046046716526 0.997380193648 8.780995919096
0.408814151232 -0.912406108177 0.019649007986 102.111180984399 0.910862632693 0.406598778565 -0.070758021693 87.527178125647 0.056570788548 0.046824427725 0.997299964329 8.861652038093
0.408283475687 -0.912658801976 0.018934483264 102.590133338066 0.911024060725 0.406063692500 -0.071745650834 88.585846254402 0.057790693548 0.046542333519 0.997243223557 8.948048641192
0.408750448988 -0.912482330193 0.017293569274 103.047576568378 0.910745746500 0.406603838623 -0.072218443972 89.634472923743 0.058866422388 0.045269366057 0.997238902577 9.032352027025
0.411040604662 -0.911496271707 0.014838058595 103.498962114224 0.909672322123 0.409046813752 -0.071951167631 90.662400104797 0.059513760450 0.043072622667 0.997297779750 9.113476670927
0.414669025676 -0.909887625072 0.012414060029 103.953437433222 0.907972801278 0.412815481932 -0.071894158434 91.679793472065 0.060290888900 0.041083909489 0.997335009461 9.200323803455
0.420020053680 -0.907457414868 0.010207580902 104.419119884170 0.905441056606 0.418273797568 -0.072273946068 92.707153726148 0.061315964633 0.039598869544 0.997332583450 9.284500495123
0.426288189218 -0.904553633328 0.007816915452 104.889584822246 0.902495292449 0.424699020439 -0.071644882199 93.715387040718 0.061486802167 0.037596096496 0.997399572231 9.363650568283
0.432728734116 -0.901497703168 0.006908969024 105.353688580327 0.899488892616 0.431224454120 -0.070464191110 94.718888661002 0.060543990046 0.036706421116 0.997490382870 9.446187883461
0.440236488484 -0.897857618332 0.006597833766 105.832488418897 0.895895020636 0.438761898731 -0.069714476413 95.717043176546 0.059698795685 0.036601822710 0.997545167082 9.528222998280
0.449350377809 -0.893342253128 0.004884336196 106.319666801598 0.891396912655 0.447996619934 -0.068633611575 96.693892859918 0.059125139098 0.035194421497 0.997629976806 9.603622051940
0.457571973775 -0.889162483242 0.004238774582 106.780809257467 0.887219402302 0.456245871153 -0.068421029180 97.638700057557 0.058903488809 0.035068268421 0.997647530722 9.678322519904
0.467373419521 -0.884058006844 0.001878100010 107.294667301275 0.882016418207 0.466147628862 -0.068945094966 98.612504078950 0.060075991371 0.033879619837 0.997618687987 9.756335637545
0.478401073810 -0.878138276141 -0.002362319302 107.810696654154 0.875923512331 0.477382115550 -0.069744650680 99.579047501991 0.062373176304 0.031296704758 0.997562079847 9.834352711108
0.490045768665 -0.871670916494 -0.006705069182 108.331505104456 0.869354651448 0.489278145008 -0.069493789816 100.522854436584 0.063856359271 0.028226054566 0.997559850447 9.914670448795
0.502751395488 -0.864379427063 -0.009446713986 108.896882867330 0.862121225397 0.502176427026 -0.067570917263 101.496911100180 0.063150827827 0.025827160310 0.997669750336 9.996137551672
0.515489511487 -0.856840049033 -0.009782326892 109.461632910537 0.854696093026 0.514950138368 -0.065733884420 102.457914905224 0.061360835336 0.025524211392 0.997789237524 10.079129457606
0.527640307938 -0.849414867797 -0.009491459548 110.020948235982 0.847399100532 0.527101765232 -0.063863084073 103.373912691238 0.059249218198 0.025653683062 0.997913532671 10.153501733197
0.539178367610 -0.842133152038 -0.009921801216 110.570650812320 0.840170791349 0.538662927369 -0.062891112588 104.260242197089 0.058307197367 0.025573519844 0.997971074640 10.232268623216
0.550451803294 -0.834793105303 -0.011103314380 111.147827687809 0.832807268815 0.549978863865 -0.062891194221 105.143598883997 0.058607723548 0.025371650347 0.997958623440 10.306354954046
0.561463043844 -0.827411161647 -0.012248264382 111.735519001274 0.825357126901 0.561011486231 -0.063653164821 106.011483283190 0.059538756051 0.025629707371 0.997896915832 10.385214810490
0.572393141790 -0.819901055025 -0.011329218919 112.319386563197 0.817756568856 0.571803669589 -0.065686814025 106.866445363637 0.060334777072 0.028334138663 0.997775972482 10.459591727876
0.583711844329 -0.811856912476 -0.012993708258 112.934211638679 0.809775191153 0.583239424993 -0.063999319737 107.721771866476 0.059536733055 0.026835178371 0.997865346938 10.537859688335
0.594023382580 -0.804343442261 -0.012955610331 113.530510002480 0.802370576695 0.593569291974 -0.062265185125 108.539214040449 0.057772645788 0.026591775352 0.997975550243 10.607342581251
0.604339721005 -0.796654111033 -0.010757740955 114.122252785926 0.794844253305 0.603784481894 -0.060555036223 109.352338286615 0.054736775600 0.028045085119 0.998106887361 10.673684400881
0.614025237384 -0.789210739243 -0.010927804826 114.733069084619 0.787460666269 0.613487354883 -0.059489196310 110.142764623915 0.053653582674 0.027922651417 0.998169133266 10.743945973834
0.623918490011 -0.781352341763 -0.014636797601 115.358795105056 0.779604501119 0.623604498671 -0.057742974228 110.925565213741 0.054245180963 0.024615995997 0.998224179773 10.814277278235
0.633337921082 -0.773681172290 -0.017335552030 115.982255094537 0.771913991892 0.633168078399 -0.056982221938 111.700850953686 0.055062390435 0.022707446812 0.998224676623 10.883847977390
0.642817519019 -0.765807101949 -0.018031080053 116.604416509550 0.764070879748 0.642682605251 -0.056167246945 112.451996185190 0.054601538112 0.022328267133 0.998258543927 10.952695467869
0.652200340279 -0.757843914819 -0.017530456674 117.236348218147 0.756217933574 0.652058339078 -0.054354018980 113.200133369059 0.052622742992 0.022192863953 0.998367829865 11.015863016230
0.660794887166 -0.750390231674 -0.016267061911 117.871295017736 0.748861152865 0.660598792459 -0.053067967083 113.935420158862 0.050567685569 0.022885270585 0.998458398516 11.074847485742
0.670350147249 -0.741871841366 -0.016026573916 118.560757993456 0.740399493836 0.670145176494 -0.052096371742 114.691458696318 0.049388962439 0.023056743253 0.998513453580 11.141431344018
0.676808672674 -0.735958257641 -0.017189054768 119.163308941545 0.734511166823 0.676671025965 -0.051084913934 115.368195950512 0.049227699575 0.021949160119 0.998546377473 11.203074107666
0.683686987792 -0.729562350618 -0.017631769177 119.754652064476 0.728171363905 0.683586142362 -0.049763950405 116.004110739016 0.048358737708 0.021184015943 0.998605362471 11.265872258547
0.691753019345 -0.721935520636 -0.016937067931 120.414141676371 0.720689811689 0.691662192210 -0.047006459066 116.708354604094 0.045650362034 0.020310487690 0.998750984248 11.320583719876
0.699233256335 -0.714709346925 -0.016229684282 121.048124282387 0.713591197185 0.699149240001 -0.044474076782 117.382517106950 0.043133009803 0.019516393694 0.998878698262 11.372530088190
0.706602666686 -0.707413848916 -0.016682859281 121.693901336018 0.706369166294 0.706562901153 -0.042561339543 118.037565157088 0.041895970474 0.018289698617 0.998954560820 11.423630290963
0.714750901045 -0.699173763713 -0.016946905068 122.364812698381 0.698169671127 0.714729800711 -0.041477973604 118.691160052638 0.041112768998 0.017814603869 0.998995685734 11.487971667294
0.722957536455 -0.690654853171 -0.018118340822 123.001698386589 0.689752277170 0.723022205514 -0.038479689098 119.320746119217 0.039676146765 0.015322014393 0.999095110214 11.534936395076
0.731824562281 -0.681282136015 -0.016954680418 123.632588069205 0.680505562079 0.731876761704 -0.035617210126 119.925613965906 0.036674105594 0.014527794883 0.999221673681 11.582159800672
0.741014974967 -0.671285058396 -0.016528074573 124.238085264147 0.670637959747 0.741090626708 -0.032084419160 120.512097725708 0.033786592333 0.012690680851 0.999348494169 11.615889640544
0.751378603758 -0.659652967944 -0.016975149419 124.920248707891 0.659087082203 0.751491054878 -0.029417894415 121.097347406528 0.032162274305 0.010915874730 0.999423049459 11.668247417859
0.761085308980 -0.648371940680 -0.019052007573 125.558752407620 0.647802911985 0.761263524660 -0.028796410284 121.668878755742 0.033174382857 0.009574578834 0.999403716104 11.702861129802
0.771571825174 -0.635819358143 -0.020264807157 126.200363554198 0.635221853355 0.771777464966 -0.029201739529 122.198459816883 0.034206952780 0.009658591107 0.999368098350 11.751372392983
0.782283864917 -0.622591359131 -0.020296655549 126.887322524849 0.622024125783 0.782490289348 -0.028194574284 122.734912876416 0.033435634197 0.009431151116 0.999396373695 11.798901469068
0.791726207129 -0.610552024696 -0.019895680045 127.537211070130 0.610034513469 0.791925031926 -0.026695246506 123.266391749606 0.032054723859 0.008998274768 0.999445609190 11.825980722019
0.802370255560 -0.596548755656 -0.018208655027 128.216029963072 0.596114701178 0.802529824868 -0.024354532153 123.777384440957 0.029141654580 0.008686905238 0.999537543890 11.860348747365
0.811867282235 -0.583614708839 -0.016290723226 128.850085744687 0.583232940246 0.811978738607 -0.023018806705 124.234939248266 0.026661835069 0.009186929634 0.999602294352 11.896643964051
0.821678699441 -0.569776339936 -0.014108059178 129.597200983858 0.569459161112 0.821746212313 -0.021199678659 124.744306139371 0.023672319507 0.009385360845 0.999675715565 11.928733559079
0.829814626991 -0.557907745299 -0.012109193489 130.296546647070 0.557624693851 0.829839245861 -0.020531118723 125.233828697389 0.021503154148 0.010284637313 0.999715879936 11.956655497635
0.837526532212 -0.546300443345 -0.010253460013 130.986905459357 0.546037494616 0.837508913831 -0.020539564931 125.701276191833 0.019808137587 0.011603656973 0.999736461689 11.985986330051
0.844412729913 -0.535600629245 -0.009955275631 131.742935747260 0.535346442759 0.844388994735 -0.020283288571 126.151704342081 0.019269867304 0.011797945678 0.999744707759 12.017396137088
0.850784203540 -0.525415314017 -0.010246306795 132.426943839621 0.525177786797 0.850774891615 -0.019245156584 126.592930012490 0.018829000543 0.010992342491 0.999762290320 12.041235429296
0.857846737359 -0.513796100621 -0.010608590365 133.172840082042 0.513587886866 0.857859465916 -0.017453343599 127.052476406199 0.018068139549 0.009523850355 0.999791397546 12.065796972122
0.863369176968 -0.504459894187 -0.010671430003 133.847737457884 0.504268986989 0.863390171780 -0.016437762477 127.446237174737 0.017505799704 0.008810586264 0.999807941830 12.080615245215
0.869990814364 -0.492956948308 -0.010460881281 134.609982802987 0.492761994901 0.870002568777 -0.016767429832 127.891086538983 0.017366614627 0.009432785206 0.999804692557 12.108837917527
0.875294384939 -0.483471628828 -0.010720252409 135.359382312029 0.483256208291 0.875298513196 -0.017774980858 128.316986696477 0.017977119942 0.010377712407 0.999784539910 12.134937788705
0.880037618246 -0.474777502369 -0.010959640373 136.114143403863 0.474550790947 0.880038796283 -0.018255515587 128.714310484360 0.018312216816 0.010864634450 0.999773285517 12.163659071730
0.883325216548 -0.468641277919 -0.010578962183 136.884539980922 0.468432079790 0.883326069520 -0.017505471428 129.141243288094 0.017548459586 0.010507499082 0.999790800132 12.185881586846
0.886951020385 -0.461796094554 -0.007890151688 137.696224491954 0.461646840385 0.886928784766 -0.015476611922 129.559459724227 0.014145041591 0.010084533140 0.999849098609 12.209252959945
0.890096549857 -0.455740257809 -0.005380459611 138.494896599018 0.455659938161 0.890077443297 -0.011669005435 129.982132882658 0.010107061280 0.007934881584 0.999917439075 12.221957553925
0.893027455109 -0.449987249294 -0.003666046146 139.278054053233 0.449944796372 0.893014041938 -0.008694890374 130.384371516387 0.007186420489 0.006115257437 0.999955478502 12.236114035713
0.896712982853 -0.442605964225 -0.002405580094 140.102482292172 0.442586137741 0.896705647330 -0.006040921058 130.791769596800 0.004830844946 0.004352295938 0.999978860005 12.251949231714
0.899517206417 -0.436884402278 -0.000902444660 140.897983186096 0.436877537767 0.899511575333 -0.004116167714 131.200139882181 0.002610048889 0.003308305882 0.999991121339 12.255767513152
0.903195356660 -0.429226727623 0.001601249865 141.777133850824 0.429229614296 0.903191408807 -0.002686497294 131.618734951668 -0.000293118679 0.003113735744 0.999995109354 12.267125790022
0.906973017593 -0.421171473986 0.003812461049 142.669012195212 0.421181388627 0.906973494969 -0.002305926549 132.035826492482 -0.002486610638 0.003697150799 0.999990073872 12.277783616654
