1.000000000000 0.000000000000 0.000000000000 0.000000000000 0.000000000000 1.000000000000 0.000000000000 0.000000000000 0.000000000000 0.000000000000 1.000000000000 0.000000000000
0.999887485971 0.014978702014 -0.000808631352 0.092598387088 -0.014977293420 0.999886353354 0.001720772384 0.038217038627 0.000834314391 -0.001708467664 0.999998192527 -0.004525176423
0.999363203438 0.035680549611 -0.000293247353 0.227804972444 -0.035678792358 0.999352386413 0.004672424134 0.030893994312 0.000459772103 -0.004658986039 0.999989041169 -0.011167224567
0.998036022462 0.062625204711 0.001477024818 0.382055762516 -0.062633239062 0.998017180375 0.006227763767 0.010752853954 -0.001084081164 -0.006308043427 0.999979516468 -0.011663779485
0.995375436558 0.095970593334 0.004169593652 0.550157107630 -0.095994563745 0.995363839626 0.005989198247 -0.020948698037 -0.003575475838 -0.006361759144 0.999973371642 -0.015378228606
0.990967402273 0.133953833751 0.006322820191 0.763749618469 -0.133974547053 0.990980314175 0.002972820249 -0.080669971194 -0.005867569670 -0.003793064931 0.999975591844 -0.016837674620
0.984800443222 0.173548217510 0.007007369620 0.956324554985 -0.173552689022 0.984824584991 0.000030508716 -0.147110994630 -0.006895735145 -0.001246192838 0.999975447619 -0.010785036930
0.976109203276 0.217112085448 0.008553691165 1.171598175684 -0.217118961204 0.976145143103 -0.000127603554 -0.219858071458 -0.008377348360 -0.001732613537 0.999963408373 -0.011677551062
0.964394417353 0.264196218254 0.011990247608 1.356793444611 -0.264217795410 0.964463014539 0.000223996322 -0.297200011108 -0.011504971372 -0.003384057592 0.999928089308 -0.018390173624
0.950001630497 0.311687449897 0.018650351996 1.603805853962 -0.311681559621 0.950180899481 -0.003296005571 -0.414326508718 -0.018748531806 -0.002681760130 0.999820634273 -0.028609594151
0.932905660032 0.359311906393 0.024124332188 1.840787851573 -0.359092442232 0.933210976023 -0.013034268749 -0.528324545283 -0.027196459539 0.003496877728 0.999623991526 -0.018068744204
0.911608577269 0.410168546085 0.027047470363 2.066462356769 -0.409789015337 0.911990895786 -0.018589483917 -0.674875324729 -0.032291868316 0.005862576739 0.999461287612 -0.014381361076
0.886335613531 0.462041350137 0.030446197633 2.323303687594 -0.461614774348 0.886849937110 -0.020223480181 -0.843147287082 -0.036345292544 0.003870376064 0.999331796702 -0.020337182346
0.858408255870 0.511800489574 0.034576366598 2.531475765240 -0.511318033583 0.859103142519 -0.022263401533 -1.003965817442 -0.041099085005 0.001431567903 0.999154050097 -0.041014862992
0.826001232222 0.562473179142 0.036686334157 2.790381175946 -0.561803674566 0.826812816588 -0.027517223137 -1.211462662095 -0.045810431253 0.002118742883 0.998947904206 -0.047659571326
0.790411050623 0.611467208505 0.036854090362 3.005015318184 -0.610581496534 0.791261296735 -0.033102815283 -1.433550679799 -0.049402501384 0.003662405360 0.998772236120 -0.051971137477
0.752425424312 0.657655525795 0.036676835193 3.238102315075 -0.656591090981 0.753306858219 -0.037641952711 -1.670329640781 -0.052384349691 0.004241079007 0.998617991605 -0.064568584869
0.712355217786 0.700958711398 0.034740878060 3.478503377203 -0.699770719243 0.713184588802 -0.041093585698 -1.956714501949 -0.053581565711 0.004962580962 0.998551144712 -0.078960054875
0.671026751303 0.740649525033 0.034079027321 3.680349477846 -0.739412140894 0.671881813816 -0.042947807431 -2.241511229631 -0.054706351865 0.003620681145 0.998495921741 -0.095885136246
0.627874362965 0.777430575093 0.037087534862 3.924632829779 -0.776216770997 0.628966958168 -0.043452157087 -2.569568323277 -0.057107869461 -0.001505471104 0.998366878859 -0.122774538791
0.586344747415 0.809156991806 0.038272702949 4.137841460074 -0.807950336150 0.587572373923 -0.044440518870 -2.899221445363 -0.058447339491 -0.004864978401 0.998278638703 -0.141708968370
0.546637063759 0.836479795519 0.038593680992 4.344628212060 -0.835262896577 0.547949634270 -0.045684701001 -3.265106133731 -0.059361722736 -0.007262918961 0.998210116099 -0.165835974187
0.506917104861 0.861121163419 0.038799364823 4.570175925960 -0.859800243510 0.508323894219 -0.048480509757 -3.683707041802 -0.061470237185 -0.008784103675 0.998070262789 -0.183259032941
0.469793426306 0.881880817419 0.039753747848 4.775811670437 -0.880634717000 0.471313179040 -0.048439472303 -4.085465153954 -0.061454306707 -0.012251984824 0.998034697320 -0.210662806169
0.433455320208 0.900356844787 0.038393195087 4.979748659174 -0.899184790857 0.434935242307 -0.047937948335 -4.530700472902 -0.059859813517 -0.013743618349 0.998112175900 -0.242087899418
0.399621379280 0.916031313427 0.034487476622 5.177509357165 -0.914923965698 0.400901134733 -0.046823254504 -5.033547430851 -0.056717635834 -0.012841845331 0.998307666400 -0.267520018723
0.370633706918 0.928290566430 0.030121081887 5.355492942489 -0.927249315986 0.371689205038 -0.045341381335 -5.535093629201 -0.053285657543 -0.011124708336 0.998517340643 -0.294445603717
0.345460253941 0.938045029683 0.026995096501 5.542376925835 -0.937090707013 0.346361467340 -0.043528620154 -6.078523954880 -0.050181867020 -0.010259445894 0.998687400538 -0.324103199333
0.324654409265 0.945507906015 0.024785362779 5.731391005814 -0.944574732673 0.325462351368 -0.043044537841 -6.661673139224 -0.048765653288 -0.009437028416 0.998765664986 -0.355115783920
0.310000530255 0.950452151315 0.023246059926 5.917508649248 -0.949485269365 0.310753980196 -0.043699966261 -7.240064888282 -0.048758532591 -0.008524778758 0.998774215550 -0.387676222886
0.298255171714 0.954231031981 0.022067853315 6.105201428203 -0.953183456002 0.298976014177 -0.045328160678 -7.860437900054 -0.049851296368 -0.007515354343 0.998728375335 -0.411480363190
0.287747894124 0.957419238744 0.023442497969 6.297810830679 -0.956291210822 0.288566769433 -0.047289953308 -8.495740420303 -0.052041037003 -0.008810270289 0.998606083301 -0.444899552340
0.277078945124 0.960519751633 0.025081166068 6.500939610085 -0.959322177970 0.278015003435 -0.049077660094 -9.153633733744 -0.054113002355 -0.010462532570 0.998480004000 -0.482922487078
0.266441837015 0.963505867015 0.025791310877 6.695248227333 -0.962226018151 0.267450544541 -0.050904775977 -9.846799275176 -0.055944950452 -0.011253908344 0.998370428281 -0.519137703371
0.256660418229 0.966130100955 0.026796599450 6.883170699094 -0.964753079423 0.257764587254 -0.052999182085 -10.556524950614 -0.058111319535 -0.012249309598 0.998234956789 -0.551521683876
0.246208366165 0.968841949103 0.026957709276 7.071645594183 -0.967378837007 0.247358523720 -0.054698687862 -11.287471302606 -0.059662602531 -0.012611042878 0.998138935949 -0.591060421917
0.235500347535 0.971486430896 0.027453613540 7.253605248710 -0.969963852573 0.236713941602 -0.056005665361 -12.051531758900 -0.060907397024 -0.013439659100 0.998052936748 -0.626487794035
0.225354077761 0.973850148667 0.028834485903 7.430371820059 -0.972170976923 0.226713341080 -0.059030946161 -12.811255113564 -0.064024458332 -0.014729185898 0.997839626302 -0.668919855231
0.214057230668 0.976321689324 0.031232370289 7.609541252029 -0.974467405298 0.215650526268 -0.062515010452 -13.591294577050 -0.067770037702 -0.017053136825 0.997555217777 -0.716522376165
0.200895747933 0.979125151839 0.030900412601 7.767853854810 -0.976986518399 0.202565635835 -0.066816959270 -14.372084354768 -0.071681527117 -0.016766043517 0.997286648088 -0.763425781132
0.188250977028 0.981611682792 0.031623944325 7.928012063601 -0.979332059222 0.190043953157 -0.069224371789 -15.156367261942 -0.073961391476 -0.017938786893 0.997099750524 -0.808618127139
0.173788730619 0.984286373910 0.031269973532 8.071078266843 -0.981964941125 0.175604489799 -0.070056531195 -15.966709210481 -0.074446836806 -0.018530982090 0.997052792580 -0.853719621860
0.159686756971 0.986650880831 0.031940241119 8.208056712517 -0.984428474114 0.161568967578 -0.069253505823 -16.758371418159 -0.073489584303 -0.020384015074 0.997087645560 -0.901433925326
0.143481624289 0.989139407756 0.031878762780 8.329048281599 -0.987016179301 0.145374932183 -0.068302202684 -17.568666539120 -0.072194773288 -0.021664743656 0.997155230439 -0.948847384764
0.122555977014 0.991910338136 0.033074364648 8.427002577276 -0.989948464193 0.124547848760 -0.067006504243 -18.388073014010 -0.070583785247 -0.024529868894 0.997204199145 -0.993458373901
0.097534822190 0.994586912838 0.035830591297 8.518952225115 -0.992835495470 0.099733879200 -0.065809059208 -19.198762130105 -0.069026352898 -0.029155207975 0.997188716569 -1.041463322607
0.067150370186 0.997015145125 0.038100238511 8.579889927953 -0.995421922428 0.069548423108 -0.065560759551 -20.032457937924 -0.068014881706 -0.033523383390 0.997120934808 -1.088615189933
0.033349898771 0.998677894196 0.039118383089 8.606269050735 -0.997201806297 0.035869739230 -0.065589018329 -20.885295684751 -0.066905468907 -0.036821535154 0.997079652174 -1.134007495389
-0.000807129173 0.999263810712 0.038356031389 8.614889083695 -0.997865408663 0.001699802754 -0.065281979628 -21.711650821196 -0.065299117422 -0.038326847927 0.997129418878 -1.176048916405
-0.034953292592 0.998671558365 0.037860082536 8.581381858031 -0.997392030971 -0.032464777707 -0.064460645082 -22.573754483632 -0.063145893713 -0.040014456401 0.997201804745 -1.214430309203
-0.067485062757 0.996979562223 0.038438506921 8.539315464073 -0.995910583000 -0.064993249577 -0.062753391760 -23.406765440422 -0.060065605571 -0.042516232418 0.997288570579 -1.253666642596
-0.099986837025 0.994226987462 0.038927237567 8.455841652209 -0.993420190864 -0.097556833391 -0.059991571425 -24.239556464927 -0.055847621301 -0.044669471249 0.997439562847 -1.297194659564
-0.132094486459 0.990612771009 0.035176477381 8.338965158502 -0.989939362830 -0.130023112402 -0.055803657241 -25.087776195305 -0.050706060459 -0.042193935051 0.997821911604 -1.329093858054
-0.163578471839 0.986069587380 0.030147178878 8.196391463291 -0.985506939008 -0.161940901307 -0.050509579794 -25.919595365262 -0.044923899187 -0.037972533852 0.998268465872 -1.354521561433
-0.194133496302 0.980681827540 0.023986219919 8.022769988758 -0.980195944485 -0.192946938879 -0.044580143467 -26.745679434218 -0.039090868858 -0.032165694605 0.998717814031 -1.372927223244
-0.222945109572 0.974663243050 0.018084268443 7.825474676939 -0.974229287027 -0.222117451885 -0.039257277894 -27.559505639088 -0.034245794160 -0.026370442074 0.999065476016 -1.392675025332
-0.250378442691 0.968096955526 0.009945860301 7.593816963652 -0.967707922631 -0.249941685112 -0.032718962719 -28.381097946587 -0.029189243113 -0.017816810743 0.999415103619 -1.418150526698
-0.276866550143 0.960889616862 0.006004799644 7.347319865851 -0.960696298109 -0.276668752584 -0.022738164898 -29.198002859370 -0.020187526130 -0.012064226061 0.999723420871 -1.429116489300
-0.302386032210 0.953168108099 0.005765867536 7.086979746073 -0.953169033087 -0.302339653644 -0.007715451906 -29.980600686436 -0.005610872303 -0.007828891272 0.999953612211 -1.426008061022
-0.327751034116 0.944705959618 0.010483773058 6.826915421134 -0.944690967035 -0.327843571361 0.008807355969 -30.739709041348 0.011757399273 -0.007017305682 0.999906256098 -1.407115111741
-0.352865973550 0.935513524866 0.017321937086 6.538970936416 -0.935266764165 -0.353198047695 0.022961248944 -31.511238455279 0.027598633296 -0.008098388585 0.999586280189 -1.380970441802
-0.377282359792 0.925916762247 0.018334949656 6.224393522342 -0.925325346070 -0.377702292909 0.033376366667 -32.277902765373 0.037828889885 -0.004373479258 0.999274660826 -1.350479956529
-0.400967801729 0.915924742402 0.017512516474 5.886309623804 -0.915138220541 -0.401349244441 0.037958151846 -33.048492845915 0.041795445707 -0.000806376460 0.999125863180 -1.308556874635
-0.423558674325 0.905736034083 0.015501160180 5.538299515345 -0.904974958866 -0.423838772532 0.037162060269 -33.795534747728 0.040229009790 0.001712151186 0.999189018810 -1.265468934630
-0.444005624756 0.895965711338 0.010220043607 5.162720373594 -0.895346975001 -0.444084589877 0.033803422749 -34.541918411550 0.034825271582 0.005858424709 0.999376245125 -1.235474849504
-0.462226409532 0.886758790517 0.002365115797 4.759723616818 -0.886258548108 -0.462052226676 0.032458061076 -35.270956344965 0.029875278002 0.012906868939 0.999470299958 -1.206894052233
-0.476198444757 0.879337372934 -0.000908720796 4.368636991145 -0.878870212513 -0.475911251225 0.033100309902 -35.978046754373 0.028673869102 0.016560963736 0.999451621496 -1.160157800107
-0.487670756172 0.873025681475 -0.001842026269 3.974095768426 -0.872496812998 -0.487299596073 0.035894497840 -36.678071951160 0.030439199781 0.019111858953 0.999353887251 -1.107291670222
-0.497630353549 0.867387524371 -0.001706983550 3.578977657148 -0.866774695378 -0.497202775965 0.038613819093 -37.377143134359 0.032644427990 0.020694978593 0.999252750400 -1.064986122647
-0.508029446441 0.861321062598 0.005666451594 3.187130150824 -0.860623263168 -0.507864162020 0.037437839552 -38.064251936611 0.035123787435 0.014142844842 0.999282892626 -1.009942607232
-0.519116427744 0.854674971917 0.006987619406 2.770304478708 -0.853994972818 -0.519001565637 0.036468634026 -38.765723063020 0.034795414174 0.012964075176 0.999310368158 -1.003817241139
-0.527803892307 0.849346956139 0.005727072866 2.344244370265 -0.848632079435 -0.527615969231 0.038012928927 -39.444094269569 0.035307860579 0.015203194090 0.999260835754 -0.962919841119
-0.535124900257 0.844765121157 0.003637471964 1.906141973413 -0.843984250006 -0.534806357454 0.040899214762 -40.123817983835 0.036495573245 0.018816219173 0.999156655900 -0.916604194595
-0.539052442673 0.842257911096 0.004906653176 1.460943148835 -0.841333120717 -0.538717307797 0.044070877751 -40.828109807220 0.039762344423 0.019628384474 0.999016357468 -0.881432424977
-0.538694948871 0.842473878256 0.006746592955 1.014620941251 -0.841458574403 -0.538409448225 0.045417327368 -41.535441166429 0.041895341318 0.018789106354 0.998945318753 -0.836678284511
-0.535498323518 0.844526201629 0.004127986398 0.548811063727 -0.843521486759 -0.535088018538 0.046393036038 -42.256795335126 0.041388970570 0.021361347797 0.998914734067 -0.799318707193
-0.529634639725 0.848211018419 0.005021616869 0.092576484740 -0.847223886790 -0.529287391027 0.045459249351 -43.003398997208 0.041216914680 0.019822359391 0.998953572501 -0.760451067388
-0.522667343822 0.852512047568 0.006485094688 -0.365921055734 -0.851548208457 -0.522412419350 0.044169138353 -43.764246381739 0.041042616582 0.017563395459 0.999003018396 -0.719136211943
-0.515568084797 0.856811961546 0.007925433097 -0.824137421322 -0.855846035297 -0.515390116526 0.043595775637 -44.544416213886 0.041438071926 0.015693640056 0.999017815585 -0.674401976134
-0.509158852515 0.860614237569 0.010019830316 -1.289098506672 -0.859673294307 -0.509094070100 0.042249909409 -45.349392190785 0.041461909771 0.012898134858 0.999056829292 -0.629175782483
-0.504440742279 0.863343139229 0.013347714225 -1.753055825365 -0.862456227612 -0.504542192353 0.040080314224 -46.158097533841 0.041337549302 0.008706324200 0.999107305016 -0.582797977878
-0.502797939399 0.864236318112 0.017024059226 -2.227032799520 -0.863446959485 -0.503070352213 0.037142548116 -46.993288372287 0.040664238500 0.003975824480 0.999164957616 -0.543288525744
-0.502987743199 0.864084244820 0.019019675241 -2.710155777652 -0.863380769378 -0.503345963317 0.034878192037 -47.834626942534 0.039711172983 0.001122081257 0.999210570237 -0.496035060308
-0.503959222998 0.863494543393 0.020056796513 -3.200491771217 -0.862848308815 -0.504357959328 0.033404263768 -48.691255089656 0.038960204450 -0.000471586138 0.999240651733 -0.449649202846
-0.504514219307 0.863183806254 0.019470981943 -3.703848285967 -0.862550370707 -0.504889793542 0.033062885088 -49.561596405557 0.038370047049 -0.000114007034 0.999263592098 -0.406023526340
-0.504702228305 0.863076337452 0.019362243553 -4.209660240679 -0.862471942935 -0.505073337601 0.032296614295 -50.436279840981 0.037653796552 -0.000399218615 0.999290764607 -0.359195387948
-0.504794391356 0.863039589751 0.018581953028 -4.722392553088 -0.862455445540 -0.505136285098 0.031748038313 -51.319507212367 0.036786232684 0.000000125099 0.999323157485 -0.315991321775
-0.505012414283 0.862908855321 0.018728823459 -5.243102491280 -0.862343762695 -0.505359438598 0.031226155070 -52.218618864769 0.036410113437 -0.000381088132 0.999336859328 -0.263246923462
-0.505146151708 0.862804033044 0.019913964398 -5.758832429405 -0.862294006398 -0.505533959009 0.029739919612 -53.116690432018 0.035726907846 -0.002148686200 0.999359280341 -0.215920332635
-0.505171546525 0.862784920436 0.020097005988 -6.276811520990 -0.862299010678 -0.505564235214 0.029072671976 -54.011503615050 0.035243790440 -0.002642941718 0.999375249891 -0.163840321365
-0.504665384620 0.863059071135 0.021021163122 -6.790177339283 -0.862604909590 -0.505088170424 0.028261458716 -54.908290259946 0.035008849130 -0.003870378582 0.999379507821 -0.113749539624
-0.503526225222 0.863731024342 0.020737842276 -7.302624775758 -0.863326934849 -0.503933733706 0.026784241593 -55.800287667210 0.033584878714 -0.004416969743 0.999426108474 -0.060398784510
-0.501539666322 0.864932755545 0.018689341653 -7.819927718935 -0.864585560492 -0.501873925425 0.024786519864 -56.698235923866 0.030818366185 -0.003727112027 0.999518052334 -0.012930572394
-0.499007202519 0.866426841786 0.017214519063 -8.330555618874 -0.866112255297 -0.499294081347 0.023558046526 -57.584979640554 0.029006431332 -0.003154071036 0.999574248757 0.034108178940
-0.496647003763 0.867786241133 0.016993921051 -8.836381229553 -0.867483981581 -0.496927010938 0.023131958405 -58.478191350707 0.028518333626 -0.003253536462 0.999587974691 0.081983032802
-0.494546427981 0.868996642331 0.016391039877 -9.344387621131 -0.868676649563 -0.494811611599 0.023713867880 -59.371412730315 0.028717748422 -0.002510904950 0.999584406782 0.128184601495
-0.493503116730 0.869587061384 0.016523209484 -9.839831411507 -0.869254060445 -0.493773683603 0.024185280272 -60.256239098454 0.029189932812 -0.002427355742 0.999570935835 0.171534616955
-0.494162116876 0.869179762380 0.018175338049 -10.336144690300 -0.868812771385 -0.494485828220 0.025458475382 -61.146204485861 0.031115438672 -0.003210351734 0.999510641823 0.219059089881
-0.496984466638 0.867507151542 0.020923239328 -10.827790873559 -0.867099638754 -0.497402293425 0.027003239953 -62.022906586112 0.033832771001 -0.004722342458 0.999416351221 0.268456687651
-0.501410259341 0.864911537461 0.022710882733 -11.324810400019 -0.864493347720 -0.501890407702 0.027518546570 -62.901469371512 0.035199482617 -0.005835325472 0.999363269988 0.319798850854
-0.507104465859 0.861593871185 0.022384410699 -11.828880073861 -0.861229916424 -0.507560439561 0.025795954120 -63.776931827003 0.033587077305 -0.006196880620 0.999416583267 0.368241340492
-0.512449675686 0.858539073160 0.017492562605 -12.347203874810 -0.858211463830 -0.512740628199 0.023877427534 -64.636209090142 0.029468852043 -0.002776337764 0.999561843363 0.415949542981
-0.517626668082 0.855381754173 0.019613442292 -12.859309699930 -0.855121648616 -0.517969029898 0.021795644867 -65.496166220545 0.028802752616 -0.005489872077 0.999570038940 0.461254461099
-0.522643365919 0.852318269468 0.019936890216 -13.374463886561 -0.851994728446 -0.523004206116 0.023907803862 -66.340603340302 0.030804135455 -0.004490870283 0.999515351219 0.513906643930
-0.527859764051 0.849066763581 0.021206142476 -13.886904918587 -0.848677012547 -0.528268575693 0.026069911945 -67.171771427447 0.033337634444 -0.004235908076 0.999435170090 0.560561680911
-0.532557983113 0.846074609726 0.023232507394 -14.405829298307 -0.845684923240 -0.533034586033 0.026289554898 -68.014607986672 0.034626654862 -0.005646668899 0.999384365449 0.606312924459
-0.536261148516 0.843687828532 0.024795737115 -14.923036157023 -0.843291268914 -0.536793575623 0.026692563455 -68.843345431751 0.035830383285 -0.006595843881 0.999336118869 0.655776519744
-0.539776345071 0.841454334412 0.024415167414 -15.441922349188 -0.841109266074 -0.540282983434 0.025089845265 -69.663015002217 0.034303058540 -0.006992918569 0.999387011755 0.717735670497
-0.542256121158 0.840013192652 0.018333991288 -15.976306510915 -0.839815186514 -0.542541772049 0.018944077768 -70.488817853350 0.025860231370 -0.005124622184 0.999652432939 0.760372958641
-0.544190965970 0.838874268380 0.012089433699 -16.515004679662 -0.838808864476 -0.544310298357 0.011224436646 -71.310578777390 0.015996294343 -0.004032487132 0.999863919548 0.788741752593
-0.545640519909 0.837963572830 0.009668176884 -17.050252042026 -0.837923064782 -0.545716399315 0.008862788808 -72.138879981334 0.012702776851 -0.003265291712 0.999913984966 0.807417824426
-0.547183409344 0.836905417646 0.013402927036 -17.552184028331 -0.836803192408 -0.547334567878 0.013612052796 -72.921657026973 0.018727886008 -0.003767322674 0.999817520133 0.850352216647
-0.548425060017 0.836038753721 0.016405969106 -18.066091930340 -0.835851831989 -0.548657257861 0.018081160307 -73.716631793931 0.024117804751 -0.003796797906 0.999701913482 0.897434047107
-0.548968224886 0.835754476288 0.012179631736 -18.598740489353 -0.835424718723 -0.549096162383 0.023641992366 -74.517182547917 0.026446689994 0.002803537164 0.999646293830 0.923478852298
-0.549086826237 0.835723038377 0.008405972792 -19.119660844612 -0.835388827327 -0.549113576736 0.024490549643 -75.300168492736 0.025083150345 0.006425182423 0.999664720093 0.961892277365
-0.548446949202 0.836155178235 0.007103648421 -19.645824819960 -0.835886102178 -0.548458148360 0.022092616030 -76.094799464758 0.022368909154 0.006178786872 0.999730690984 0.999712215350
-0.547807380757 0.836583154607 0.005974865327 -20.168181959017 -0.836421621992 -0.547822987798 0.016995420086 -76.895155343902 0.017491250725 0.004312710014 0.999837715172 1.030902401485
-0.546742120206 0.837291983033 0.003897324743 -20.679807051606 -0.837219991832 -0.546748033659 0.011369827047 -77.687567848103 0.011650719675 0.002953445157 0.999927766338 1.049665345209
-0.546084823196 0.837665191234 0.010411208826 -21.188530327348 -0.837676447721 -0.546148191054 0.004508030967 -78.496898763950 0.009462283489 -0.006259457133 0.999935640123 1.086443963700
-0.544590266533 0.838527052060 0.017141311536 -21.682396844526 -0.838658106705 -0.544657522516 -0.000873627604 -79.289570370301 0.008603583894 -0.014851468969 0.999852695257 1.109391929791
-0.542769492825 0.839769529201 0.013726451978 -22.191419303107 -0.839850412738 -0.542817857971 -0.000239358337 -80.080031999964 0.007249957422 -0.011658082762 0.999905759171 1.128995834489
-0.539655427195 0.841834290971 0.009329868424 -22.706043669809 -0.841849371570 -0.539702177211 0.003345967871 -80.879532987122 0.007852100792 -0.006048674149 0.999950877821 1.153416710273
-0.534819712440 0.844899152655 0.010644107671 -23.198444534925 -0.844899269067 -0.534893466106 0.005848508163 -81.661466126462 0.010634863237 -0.005865301338 0.999926246242 1.184738465010
-0.527124233418 0.849771029308 0.005407429416 -23.693286989429 -0.849727149719 -0.527151966629 0.008635688079 -82.442846475974 0.010188894598 -0.000042759127 0.999948090952 1.202770293375
-0.518857084835 0.854858070047 -0.002237318148 -24.190950481569 -0.854816173376 -0.518801300818 0.011598275902 -83.236616830297 0.008754156188 0.007930343362 0.999930234768 1.229970747689
-0.509214559909 0.860639399039 -0.000597326037 -24.659672793885 -0.860586715433 -0.509175448860 0.011439733351 -84.032347181962 0.009541341483 0.006339329636 0.999934385699 1.252610391873
-0.498122344789 0.867104627052 0.001922333762 -25.122612435524 -0.867066363329 -0.498119314372 0.008548112828 -84.847840888629 0.008369659761 0.002591215061 0.999961616463 1.271611517828
-0.486682427502 0.873578031635 -0.001279611859 -25.572909680057 -0.873568430276 -0.486668839260 0.005624812748 -85.653833166396 0.004290965631 0.003855326046 0.999983361899 1.292525458501
-0.475333888129 0.879803384758 -0.001923269151 -26.015113906265 -0.879799567843 -0.475321535857 0.004707225839 -86.470888060971 0.003227261979 0.003929595328 0.999987071447 1.310874356917
-0.463227751177 0.886236422719 -0.002248018251 -26.447341804011 -0.886235693154 -0.463217178704 0.004017652704 -87.302053307970 0.002519269489 0.003853362240 0.999989402384 1.325222406909
-0.451352745421 0.892330496370 -0.005194655887 -26.866003416818 -0.892340610102 -0.451323065528 0.005977130187 -88.118580755153 0.002989107527 0.007333196523 0.999968644241 1.338959099785
-0.439024356809 0.898470341919 -0.002942587289 -27.272911463057 -0.898449684034 -0.438984890317 0.008968351721 -88.944402408338 0.006766046679 0.006581091466 0.999955453932 1.366471860951
-0.427538161014 0.903996321748 -0.001330843250 -27.665122270635 -0.903839186987 -0.427435385608 0.019331714765 -89.765252041798 0.016906949543 0.009467914061 0.999812239203 1.381123122706
-0.414997913973 0.909822301302 0.000333844379 -28.040117386906 -0.909545607299 -0.414880699277 0.024511091570 -90.586195724747 0.022439243329 0.009868405183 0.999699502320 1.402196427724
-0.403375624158 0.915032958995 0.001670265542 -28.405532782032 -0.914829707780 -0.403323296116 0.020418730940 -91.425884252477 0.019357468794 0.006708409799 0.999790120795 1.431732879836
-0.391632696342 0.920121042023 -0.001048418433 -28.759177938927 -0.919995867992 -0.391560070916 0.016979803969 -92.266163933040 0.015212956126 0.007614387038 0.999855283066 1.469913905314
-0.381648565709 0.924305887912 0.001731433964 -29.096491189520 -0.924151599111 -0.381617924975 0.017651662782 -93.098554774802 0.016976282078 0.005136624317 0.999842698097 1.502187927926
-0.374578951801 0.927165236228 0.007431931007 -29.419602789782 -0.926893676983 -0.374649523240 0.022491027220 -93.928512470432 0.023637267974 0.001536055543 0.999719420686 1.524270136426
-0.369185434421 0.929202315944 0.016887008477 -29.741881825801 -0.928808490446 -0.369530607124 0.027602870759 -94.770665483254 0.031888917931 -0.005494219019 0.999476318114 1.552022720479
-0.365685282115 0.930516974619 0.020308480745 -30.063491667706 -0.930069773507 -0.366162539812 0.029920074312 -95.616081795580 0.035277341919 -0.007946973271 0.999345963500 1.589427050564
-0.362013280603 0.931915402139 0.021910452384 -30.381753827498 -0.931502832757 -0.362544175901 0.029397161206 -96.452315935965 0.035339174210 -0.009767485695 0.999327643463 1.635475560429
-0.357031476804 0.933828667531 0.022193338358 -30.701830066253 -0.933422047240 -0.357574491922 0.029389869894 -97.306609962856 0.035380874730 -0.010222642674 0.999321615537 1.678347204663
-0.351401163600 0.935953867312 0.022529546915 -31.009784236234 -0.935674670143 -0.351917879683 0.025820875516 -98.145054550156 0.032095698677 -0.012006840677 0.999412678478 1.720026870903
-0.346071078381 0.937961838286 0.021503456164 -31.318879845721 -0.937805106276 -0.346503351759 0.021377788982 -99.007100156196 0.027502569887 -0.012767816507 0.999540190043 1.768501386538
-0.340219551930 0.940094830503 0.021733985970 -31.624594107100 -0.940015868594 -0.340621663930 0.018629247226 -99.866756869407 0.024916325478 -0.014092257556 0.999590208536 1.803181757688
-0.334221223821 0.942092895382 0.027516359115 -31.914575527774 -0.942159840623 -0.334738203253 0.016886977228 -100.722439400499 0.025119877881 -0.020280822323 0.999478704116 1.850708205949
-0.327615101487 0.944088771668 0.036942340040 -32.195217214408 -0.944380990527 -0.328395397730 0.017349567175 -101.576256486340 0.028511226014 -0.029203663469 0.999166780889 1.870065273539
-0.320791456441 0.946459879668 0.036146059996 -32.478779066425 -0.946639944860 -0.321637281705 0.020549301987 -102.422534405850 0.031075010367 -0.027625263728 0.999135220345 1.917283124606
-0.313862097264 0.948843871668 0.034436769574 -32.757998497830 -0.948839384010 -0.314767929065 0.024999483685 -103.277806359310 0.034560197532 -0.024828572850 0.999094157083 1.952894621534
-0.307244769959 0.950968523893 0.035489687189 -33.030891467551 -0.951055207949 -0.308142005477 0.023291541263 -104.125733374958 0.033085385999 -0.026596447592 0.999098586832 1.990221054654
-0.300472192988 0.953175607166 0.034245045540 -33.298536384972 -0.953389401848 -0.301193406443 0.018198361434 -104.985347728155 0.027660616130 -0.027180761915 0.999247765320 2.031607560889
-0.293563734467 0.955361862230 0.033227187708 -33.556276467335 -0.955625216739 -0.294181117454 0.015424502112 -105.840505358729 0.024510792271 -0.027224664013 0.999328794107 2.071313639679
-0.287016826103 0.957243673404 0.036137117498 -33.803325814593 -0.957506134559 -0.287803145040 0.018744385486 -106.689654290653 0.028343320487 -0.029221557660 0.999171034784 2.105722553630
-0.280539630009 0.959137618576 0.036776957814 -34.050194552490 -0.959339302041 -0.281427126652 0.021607312293 -107.553961349339 0.031074419621 -0.029219873644 0.999089875551 2.142890393672
-0.273704988946 0.961067661464 0.037875178072 -34.289814064633 -0.961268411849 -0.274663449822 0.022869842873 -108.412695053316 0.032382393480 -0.030148622183 0.999020741113 2.174762665498
-0.266593587472 0.963057856337 0.038045032093 -34.528392538119 -0.963309616738 -0.267518357149 0.021645112360 -109.285267311680 0.031023239992 -0.030878697129 0.999041573031 2.219254467270
-0.258854858979 0.965291656097 0.034730111608 -34.760749285002 -0.965452155155 -0.259677625747 0.021671797181 -110.146350492796 0.029938237916 -0.027920411098 0.999161724925 2.258608655001
-0.251181579338 0.967478058619 0.029900172113 -34.990784186005 -0.967482529098 -0.251892652107 0.022970583478 -111.013698693116 0.029755169161 -0.023158106700 0.999288913179 2.298069989263
-0.244476356293 0.969249942424 0.028033200403 -35.213758405182 -0.969196403583 -0.245147820862 0.023682846281 -111.885090544165 0.029826875385 -0.021379781046 0.999326404368 2.336875766450
-0.237532857130 0.970779864675 0.034126179458 -35.414813591682 -0.970907995362 -0.238365488218 0.022793827448 -112.746132605052 0.030262292153 -0.027719097528 0.999157567807 2.370640269324
-0.231525666619 0.972060999114 0.038642977355 -35.608595075835 -0.972394588102 -0.232426353904 0.020658050279 -113.614174533321 0.029062531324 -0.032793353186 0.999039521370 2.411342544655
-0.226861284854 0.973300109666 0.034940720633 -35.810778036215 -0.973509614081 -0.227668381114 0.021122015340 -114.495032066145 0.028512957148 -0.029223359920 0.999166155607 2.444926562151
-0.222294591231 0.974402193772 0.033548166599 -36.007267561424 -0.974575934572 -0.223060968621 0.021108103439 -115.354006104778 0.028051068834 -0.028003018590 0.999214175483 2.487465197919
-0.217742216168 0.975460331011 0.032641536755 -36.202429778237 -0.975555798831 -0.218536000376 0.023084624892 -116.230884343059 0.029651486727 -0.026817143080 0.999200495482 2.519636430629
-0.212302544750 0.976844852379 0.026490826211 -36.394041155757 -0.976829387463 -0.212893707782 0.021922978237 -117.097980886843 0.027055078654 -0.021222713472 0.999408634719 2.553952637852
-0.207134624226 0.978132580513 0.018759061415 -36.589034355714 -0.978014569841 -0.207506631625 0.020700217634 -117.967114332342 0.024140186938 -0.014058903580 0.999609723144 2.593951146436
-0.202237659132 0.979206995693 0.015924472188 -36.774595084638 -0.979076729418 -0.202531768078 0.019739321953 -118.851829275690 0.022554093655 -0.011599245883 0.999678333442 2.633626226537
-0.198002991169 0.980046445174 0.017429308370 -36.943210149513 -0.979891954145 -0.198355962143 0.021602557366 -119.713912970261 0.024628716785 -0.012801468063 0.999614700134 2.659451887579
-0.194281071361 0.980743879933 0.019907468069 -37.108507495997 -0.980573460376 -0.194726491325 0.023606829153 -120.583387007044 0.027028764624 -0.014934374792 0.999523091445 2.693472819102
-0.192545374453 0.981050820319 0.021576995329 -37.274279485022 -0.980927645056 -0.193024025514 0.022862212050 -121.467766349206 0.026593870383 -0.016763458036 0.999505754127 2.727426606227
-0.191528744285 0.981230571605 0.022434470368 -37.435256522588 -0.981153736774 -0.192009298726 0.021674270856 -122.330080387264 0.025575084103 -0.017860418554 0.999513341843 2.765359248257
-0.190712387468 0.981439330618 0.020140148516 -37.602696960649 -0.981419542072 -0.191068895108 0.017560175411 -123.198919319260 0.021082402726 -0.016416992357 0.999642943584 2.798590054863
-0.189584271662 0.981682254420 0.018914420310 -37.764482331152 -0.981745350627 -0.189826137918 0.011920733446 -124.067187018226 0.015292823842 -0.016309160632 0.999750039169 2.833397167135
-0.188823103948 0.981874788641 0.016362605127 -37.928917357613 -0.981928133191 -0.188997547997 0.009852314435 -124.926075525127 0.012766231401 -0.014206557714 0.999817581889 2.858432624440
-0.187625563901 0.982061993327 0.018732032273 -38.089911163835 -0.982078783762 -0.187906712161 0.014571547944 -125.789071598832 0.017830038016 -0.015662336572 0.999718350816 2.888994140265
-0.187249299470 0.982097187444 0.020562447876 -38.247921912212 -0.982061944113 -0.187633222544 0.018657752362 -126.646885825383 0.022181924477 -0.016699946477 0.999614462688 2.917954297413
-0.187584354782 0.981999772191 0.022103331383 -38.402811808779 -0.982008250673 -0.187988656590 0.017890237681 -127.506478423363 0.021723384900 -0.018349725094 0.999595609303 2.939691880434
-0.186845383974 0.982097579178 0.023940498325 -38.562011967640 -0.982162300200 -0.187270618815 0.016939049386 -128.366131817676 0.021119151331 -0.020348471717 0.999569868066 2.975338783519
-0.186179297763 0.982323510433 0.019436819062 -38.728796599322 -0.982308373095 -0.186510034839 0.016860221003 -129.208594718466 0.020187353282 -0.015953926005 0.999668916698 3.009267416221
-0.185080157105 0.982509367505 0.020510441513 -38.886579514550 -0.982443372086 -0.185485344860 0.020005186481 -130.060892857401 0.023459669433 -0.016447784266 0.999589472885 3.040536731477
-0.185032522065 0.982258999560 0.030499566579 -39.024946662332 -0.982368580615 -0.185719338431 0.021454583498 -130.897358574798 0.026738317050 -0.025992020235 0.999304496780 3.064434480309
-0.184609813605 0.982134114357 0.036493809582 -39.164529310240 -0.982391916511 -0.185489079461 0.022358975268 -131.727779363358 0.028728715518 -0.031723537279 0.999083719258 3.095548505724
-0.184059214407 0.982256128893 0.035987537351 -39.318265805789 -0.982383612297 -0.185040274529 0.026125372601 -132.568486478879 0.032320951148 -0.030544951384 0.999010691665 3.135304860095
-0.183725551850 0.982383731017 0.034163235066 -39.470814091634 -0.982443462861 -0.184660346742 0.026559341544 -133.391853310756 0.032400059872 -0.028683817278 0.999063298669 3.176376127871
-0.181811385653 0.982717774094 0.034790753476 -39.621463968538 -0.982745299389 -0.182812364799 0.028130336025 -134.245534912911 0.034004361119 -0.029076034069 0.998998642475 3.216850093614
-0.180224145187 0.983207290585 0.028682420259 -39.777391219476 -0.983107084929 -0.180999212702 0.027198245588 -135.066306682578 0.031933008839 -0.023296110008 0.999218481717 3.250507326928
-0.176796053405 0.984020001341 0.021161107274 -39.930763764301 -0.983864571345 -0.177286095744 0.024086209927 -135.886927045326 0.027452882415 -0.016561316880 0.999485898865 3.297297279051
-0.174943583213 0.984460868683 0.015216462300 -40.080454285706 -0.984343950871 -0.175218318353 0.019118768170 -136.693361314600 0.021487882056 -0.011633526808 0.999701421415 3.333376612258
-0.170829655035 0.985243183563 0.010634763926 -40.221893917139 -0.985081695479 -0.171009251474 0.019232502253 -137.506135677877 0.020767334766 -0.007190629554 0.999758477160 3.356085887477
-0.165732984987 0.986075120748 0.013727123871 -40.350068567150 -0.985834516087 -0.166023849728 0.023798912034 -138.291417519342 0.025746545009 -0.009588407788 0.999622517682 3.396902201527
-0.159142888215 0.987167810808 0.013162615040 -40.474499334783 -0.986834799617 -0.159450133875 0.027069042680 -139.083041863383 0.028820468334 -0.008681480942 0.999546903599 3.427489181347
-0.150621620094 0.988470408887 0.015471855555 -40.593158659293 -0.988132538108 -0.151010086091 0.028107668544 -139.892583958515 0.030120004857 -0.011054621325 0.999485157796 3.459953802863
-0.140801876569 0.989987826665 0.009946587820 -40.708791390822 -0.989728769768 -0.141001823420 0.023567946131 -140.688575699869 0.024734466789 -0.006526013085 0.999672755108 3.490580804078
-0.128878482161 0.991659452475 0.001366438045 -40.820043647505 -0.991410414090 -0.128876809412 0.022274623011 -141.476570342603 0.022264942635 0.001516018696 0.999750955997 3.523738568665
-0.115080598257 0.993355799912 -0.000843021736 -40.919606354471 -0.993043220304 -0.115023002400 0.025196657072 -142.286639154948 0.024932278550 0.003736803389 0.999682158382 3.554053568865
-0.100966178417 0.994889445042 -0.000907171876 -40.999599659627 -0.994540912603 -0.100906575638 0.026575103983 -143.056462587133 0.026347750846 0.003585406235 0.999646407930 3.580570250392
-0.087428503577 0.996166486926 -0.002930373410 -41.069245541909 -0.995827252173 -0.087320725616 0.026517441566 -143.854436098473 0.026159904274 0.005236525935 0.999644055754 3.612649663445
-0.074075844253 0.997233921499 -0.006105334592 -41.128675501691 -0.996869280888 -0.073876251860 0.028176874088 -144.642227438374 0.027647895406 0.008173446240 0.999584307928 3.646540169104
-0.060342529565 0.998172482703 -0.003236340551 -41.173301940681 -0.997605684079 -0.060197879448 0.034045769237 -145.416241510102 0.033788729166 0.005282999566 0.999415034756 3.689830305596
-0.047156042296 0.998882696400 0.003109100646 -41.198086774851 -0.997935827179 -0.047246723946 0.043495194100 -146.199956158159 0.043593491583 -0.001051621712 0.999048798399 3.723041300405
-0.033582873931 0.999379010095 0.010666993989 -41.210213627408 -0.998063111983 -0.034094054580 0.052034795482 -146.957819549075 0.052366163475 -0.008898855239 0.998588301202 3.759958156604
-0.019882907425 0.999744406358 0.010760666730 -41.223326071460 -0.998366457902 -0.020429813443 0.053357646677 -147.718743551388 0.053563847216 -0.009682183579 0.998517485872 3.805521095180
-0.008088595587 0.999898942524 0.011690994829 -41.215578388716 -0.998750567132 -0.008654770028 0.049217878968 -148.502004592852 0.049314088005 -0.011278284197 0.998719640855 3.854504509824
0.002888767225 0.999919634380 0.012344221547 -41.198423045054 -0.998925717643 0.002314530612 0.046282324697 -149.264345237421 0.046250034110 -0.012464659230 0.998852124498 3.907792274742
0.012109007035 0.999818797822 0.014688208530 -41.177787597864 -0.998557981469 0.011322815984 0.052476199204 -150.015209239941 0.052300378520 -0.015302462527 0.998514148647 3.959740723790
0.019193658819 0.999583180968 0.021565430373 -41.155353259067 -0.997956035095 0.017838522259 0.061363988956 -150.773710690953 0.060953715868 -0.022699150858 0.997882454537 4.003144795343
0.022843788308 0.999390227377 0.026407096760 -41.124978783731 -0.997667718221 0.021089067988 0.064918219570 -151.524024840150 0.064321733158 -0.027828486034 0.997541121964 4.048048377705
0.022927629073 0.999328169704 0.028592535053 -41.102576090707 -0.997933500889 0.021159721601 0.060671195684 -152.289833460113 0.060025424855 -0.029924495275 0.997748201178 4.100085712123
0.020958911846 0.999469360034 0.024934361193 -41.078934670252 -0.998305118000 0.019567146566 0.054808924001 -153.029117620125 0.054291945895 -0.026040835799 0.998185483506 4.168982512242
0.018373134093 0.999485258380 0.026299167759 -41.056852611811 -0.998488452054 0.016979354203 0.052273441109 -153.783339613001 0.051799990908 -0.027219842249 0.998286452442 4.216875135533
0.015603090558 0.999601593956 0.023520138736 -41.046059855776 -0.998513321314 0.014348786647 0.052585734568 -154.526712156026 0.052227298641 -0.024305671825 0.998339392989 4.259923070658
0.011895582231 0.999657692353 0.023302215426 -41.040252140312 -0.998548376712 0.010651638362 0.052798503436 -155.278812283780 0.052532223332 -0.023896458327 0.998333273407 4.309123988247
0.007400761673 0.999688866280 0.023820146165 -41.027726515385 -0.998697114301 0.006186464614 0.050653741648 -156.019299499065 0.050490619070 -0.024163987507 0.998432170502 4.365310191240
